1 18.5977400912524 5.46428165461186
6 19.877788457269 3.98475401647725
11 15.4929358066776 8.84315925290948
16 9.60777827496944 12.6419263641198
21 11.8459907868125 16.0266761202295
26 16.134035915149 10.4119346458636
31 12.5364058401157 16.5943281078105
36 7.83935925060454 16.5840454999792
41 5.59133601892756 8.63461132527516
46 6.04535029520873 8.21962066689152
51 4.26700180189365 7.0003170471016
56 5.50532536243968 5.7110508201326
61 5.52901205890652 2.96620027921104
66 5.95334757824493 2.69122765796569
71 7.12169398321843 2.3024408723198
76 9.24164669968742 4.25171149542736
81 13.9601799790649 6.20944833605651
86 15.4526614939693 13.8205250563243
91 4.26355516415441 16.4098192191354
96 4.73988922114213 12.5191044410857
