1 117.205771079765 44.5073647502891
6 151.529133711638 65.9789247152081
11 142.361110272504 110.722746488019
16 89.6482196186919 160.823912017878
21 72.6353202647056 139.33672386175
26 41.6668006348738 115.979571388294
31 25.8752812252449 77.0938690438206
36 16.568860371834 64.6588005333209
41 31.0135139605135 43.3007597362634
46 45.030503504704 30.5673762070892
51 45.9307419875955 33.9783137254309
56 83.9510877975344 25.542325629431
61 88.2414554721444 33.5829718457437
66 118.974672764041 33.1626304550141
71 146.424925548213 42.8681257406638
76 144.057638105224 80.7149796174174
81 106.764649599028 100.730637294403
86 89.9840124164689 123.754960672677
91 67.4223473764991 138.920962137637
96 51.896569899412 131.725944034061
