1 25.8623696143449 9.06123442649467
6 27.8246568279484 8.30217824962439
11 26.1621786401207 14.6371144132883
16 17.6438734735043 23.4438127996163
21 9.00240295586548 27.3132510293698
26 4.30934079107364 29.0658584167576
31 9.89816234169177 26.6655832438431
36 10.4799069276201 16.0382764070514
41 8.23892863013253 15.0588428778615
46 11.0548749990857 10.6225754540122
51 12.5733398720953 6.66022425435579
56 17.9279329856946 4.95572823557471
61 22.3627615926819 10.3649124336012
66 21.6476404142773 14.7591135711209
71 25.0487060681271 11.8118187568577
76 28.4798838694488 10.7337183393429
81 18.6401331757725 21.318109282119
86 16.3101650957565 18.0194434678631
91 7.10639100021845 22.688296254118
96 7.95849434292698 17.0720089826444
