1 44.9967124763629 10.3459906443142
6 44.1341975266848 13.9653984089929
11 46.6169187680931 19.8099720980254
16 46.5514552817928 35.6670732503234
21 26.3768004914556 44.8026059667459
26 26.0481575120617 34.9026242641566
31 20.9396391265984 31.8223462738895
36 22.471487089697 34.4429294436962
41 15.2637814721815 37.3206974910415
46 14.9323710511701 27.5293985014277
51 12.061815648179 25.3303376847798
56 13.3042850799274 16.9892278560872
61 23.2150601767671 12.2360276866805
66 35.3734412049433 15.2636550637643
71 30.2994114308087 26.7516376623547
76 27.1543527401576 27.6611393995275
81 29.5066822472935 36.3933855172269
86 26.2344642511832 37.4884334536298
91 24.6157654163684 30.1796472876003
96 16.5827734473586 18.6048869938737
