1 77.0416233912369 40.097980581931
6 95.1481497671394 48.9753644379296
11 68.87161025009 61.9557135466247
16 38.5843051537656 72.4646679545654
21 29.3524213592854 53.3407914430095
26 37.5383393102478 48.2478221858373
31 22.2047148368944 46.186538631532
36 41.9566473374132 35.7439426889112
41 36.9080104459196 35.4212106429789
46 44.2280797005566 32.0158435779545
51 78.5669386428868 29.2993099364316
56 101.574747401253 32.8823533320121
61 105.263637933883 39.9360126805727
66 88.5053756477772 65.0486421990072
71 75.8122112762384 81.0397478202978
76 51.1133582910002 102.915333086607
81 43.7344326551865 93.6170831195824
86 13.720435719233 81.6870684016307
91 14.5561780735699 65.5085583382061
96 15.4763366386073 41.0373715923071
