1 93.5460156089218 35.4771068041194
6 109.089478738945 74.8403186783362
11 95.854602661959 116.021355332418
16 47.5715925233429 119.808352874511
21 39.9043969862364 86.2204485218589
26 36.9205501210955 76.3805932594905
31 29.4839842678979 66.9265728954226
36 25.8765386642894 53.6348305206586
41 28.7877922560633 32.7357995422847
46 43.7815788640417 36.7498479871381
51 56.3197210583845 28.6649591829144
56 81.1725842926127 30.7804507689661
61 104.647259502231 34.926229631569
66 106.059898201764 51.7590115491415
71 103.055716157105 91.2465092918661
76 74.6596720668482 98.0643885610092
81 62.9101336107708 97.6692678078158
86 39.8475471737997 83.939005085777
91 52.1493238676439 49.074561033823
96 67.8326447092844 46.4100612174279
