1 64.1742923601678 21.8901295891428
6 77.9836673315421 31.8925833714047
11 76.0579203396191 46.0936816383937
16 63.5662470826232 54.9448991961465
21 39.6852445825741 52.9913910183986
26 38.7416699094164 55.9589188151652
31 15.7763459861075 48.5542427938046
36 23.1337163936145 37.5421294379149
41 23.9363737158553 31.060375887927
46 33.0781591366283 15.4992003642899
51 45.8640925069281 17.0424923227329
56 58.042147729598 22.5713470006179
61 65.7560551472631 19.4471459255891
66 76.2990120122905 28.7064177503298
71 62.4009005354252 43.928538096911
76 56.0831433254575 63.0057898513757
81 31.9266582087396 54.0287953406787
86 35.1417247933569 46.8712617715726
91 30.926287346296 42.9365036833419
96 40.5849982415902 34.5703408718958
