1 8.19704190713104 2.34945958833103
6 9.92151475755808 5.21744696709639
11 6.89349085220952 4.56026512629094
16 8.47974845883953 6.32325839571057
21 10.4203831248781 9.30761648056499
26 8.21418994958927 7.96330017457022
31 5.5280812946144 9.4932818999012
36 3.79527329656605 4.85510134654735
41 5.04898262899086 3.75101507391089
46 8.12025426171141 2.53606205228972
51 10.5247960325779 2.28703928017456
56 7.71164000192073 5.41580387039144
61 8.14074017072349 6.88260031709873
66 5.56782051393948 8.29543585273186
71 7.02438919236927 6.62718482066836
76 5.87195002253016 5.18047476315898
81 2.0979542513997 3.80594231962479
86 0.705577503500305 4.05516913784411
91 1.62536948112199 3.20462416987278
96 2.35336050753258 2.99996823888966
