1 286.554227688733
3 278.968321557443
5 265.226550894577
7 233.945666017883
9 232.499538478587
11 214.325037691515
13 191.378138793527
15 195.09609986762
17 181.052627419699
19 166.693450199882
21 175.326297816499
23 165.854114185027
25 147.306674427395
27 152.583568308496
29 144.131689305553
31 152.873415578215
33 145.095540373203
35 136.875552001178
37 138.713180891105
39 133.169252888225
41 130.170460171052
43 126.168695067867
45 126.875144933034
47 150.084662326933
49 139.702892566852
51 155.198736108542
53 162.446396659298
55 146.875948082362
57 157.375837941653
59 148.42993279022
61 148.841686174469
63 151.505446344959
65 141.216777426603
67 139.646179870796
69 147.27583659675
71 142.198181165976
73 140.849168466002
75 148.913548263444
77 135.256779186136
79 136.786504715974
81 133.553603957769
83 131.178629768807
85 146.95180359587
87 125.501927542823
89 107.941920064132
91 128.487212438036
93 116.702952221016
95 111.112556934441
97 106.05866589829
99 96.2933049204415
