1 962.240471503813
3 932.213784716242
5 864.490115061729
7 836.333756491645
9 805.292676862761
11 726.706014869378
13 765.283719892073
15 672.797981264663
17 653.078322166132
19 630.785271200186
21 635.384382664396
23 594.16569596515
25 571.766161610964
27 598.6963003759
29 508.997965599621
31 528.124373902827
33 518.941917017357
35 526.515293233448
37 528.013298571056
39 564.425714899688
41 534.364079258431
43 494.000550140546
45 497.362208204336
47 506.641420669371
49 493.767988779481
51 462.640997474389
53 469.006208742734
55 538.909443543308
57 477.053939486377
59 486.549665566084
61 501.265550367239
63 501.25957975114
65 488.368145480303
67 466.515385391487
69 444.601368999228
71 469.53253640743
73 480.135820902726
75 477.772829721639
77 467.727526618635
79 490.037796844757
81 416.632505574411
83 458.471654258119
85 414.8458361912
87 430.807230623121
89 368.060401649308
91 375.867355806316
93 362.062752642112
95 375.793100323785
97 364.630241727112
99 348.983971692874
