1 496.326793122637
3 478.530724608078
5 439.756563869426
7 423.181564231583
9 400.064195875856
11 356.17506150511
13 355.427804251694
15 334.887827916552
17 320.773709142572
19 289.528078758167
21 282.214902893707
23 288.969944155661
25 270.520438711716
27 276.408218900404
29 280.79343626607
31 253.467501984203
33 275.176061809443
35 267.927587218193
37 265.80758407224
39 268.769752976368
41 267.935064740791
43 282.174862668438
45 270.601782207133
47 276.048646845633
49 277.021154138736
51 265.124812235357
53 301.55478226282
55 275.273829623582
57 279.672819337218
59 268.198520469406
61 247.654021282402
63 261.34408085833
65 246.332007457695
67 244.221426609131
69 236.726934585008
71 246.99848269656
73 229.920635481555
75 231.052391176764
77 226.411494909405
79 222.795868859319
81 228.547617131622
83 223.413307103252
85 229.461096051712
87 217.1564249588
89 208.731202470107
91 215.401897638828
93 204.770772210892
95 196.622391810122
97 181.084657535923
99 173.811914781515
