1 710.671593425422
3 680.158615288542
5 629.705884070858
7 569.28807712044
9 551.338863508204
11 521.017517260568
13 525.24316550557
15 503.70104539583
17 480.578382741502
19 449.514357480114
21 438.43862462042
23 421.882697362728
25 387.429573765935
27 416.513760496921
29 431.135762459818
31 377.226004730836
33 402.152005768728
35 363.682719003133
37 357.277860435248
39 372.832353308695
41 353.693164654588
43 351.408117360142
45 372.095099602669
47 385.286040415586
49 359.094815023347
51 396.786203958533
53 365.371490386228
55 374.558894037943
57 376.650005641796
59 351.494692119033
61 367.743996228786
63 380.898616615762
65 364.922195146223
67 338.520152365291
69 366.469795225947
71 379.665651277814
73 339.089324635383
75 373.834401781791
77 311.12109040973
79 335.856964731331
81 330.117735671849
83 308.97898158941
85 292.052775403735
87 257.024422495475
89 276.637134904177
91 295.581345360435
93 280.232576815361
95 274.510110762015
97 256.502862051289
99 239.330396310004
