1 291.876439542566
3 281.052295637429
5 271.171680126517
7 257.109056891374
9 247.765910054331
11 247.961322093941
13 226.877133865326
15 208.182316714994
17 205.593485704511
19 190.71113695675
21 177.685881176056
23 181.997321880092
25 175.724344574985
27 168.501164286072
29 165.661857963936
31 156.406898091058
33 167.877313395978
35 156.171023716233
37 156.443331244815
39 156.633939798991
41 167.666023918904
43 181.057457692979
45 153.425211585517
47 152.270895862081
49 161.904487422057
51 149.038251751962
53 151.993559363718
55 153.988024290643
57 151.683033416774
59 155.898920522402
61 140.549097024444
63 148.384266496202
65 134.558991869725
67 152.089643020939
69 141.398452096018
71 146.344843713841
73 135.440834620101
75 127.482971715923
77 139.510658474162
79 139.32473846159
81 131.71612206158
83 144.840836226963
85 119.65049260939
87 113.096177151757
89 130.740813541652
91 114.34730444846
93 103.796028356073
95 103.641661953599
97 102.478729976575
99 94.1188402096423
