1 708.643240202934
3 669.595814561231
5 640.765279122944
7 602.902218428971
9 579.427191843583
11 531.231194805664
13 495.368065066085
15 480.216375676273
17 498.493825570405
19 427.320646952075
21 435.355698651736
23 440.049131090722
25 397.484001096681
27 386.302852808789
29 363.693271305502
31 406.081946609122
33 376.361326505768
35 372.960417810803
37 381.88742741232
39 368.353357902667
41 352.139469800136
43 379.375806814186
45 379.459228358581
47 398.239779025362
49 382.700914397601
51 381.440888572447
53 389.02649275481
55 389.540837709307
57 436.474613619054
59 412.272218877185
61 390.407408223842
63 400.903639239862
65 385.467577792988
67 395.563751478284
69 396.033808352804
71 368.971397296015
73 381.844046595866
75 375.416420831765
77 369.298819452884
79 351.824921732749
81 372.032742622468
83 337.771566651031
85 337.822827071629
87 318.833410233379
89 308.736553632258
91 286.866601896774
93 286.123004809375
95 278.668807251616
97 291.787796763118
99 287.071151312181
