1 2930.83639009871
3 2805.62140069226
5 2535.38243621239
7 2439.27044021926
9 2308.60373416144
11 2205.9621293254
13 2185.67825753552
15 1939.90976717041
17 1998.96843842461
19 1862.21598943364
21 1819.30401091614
23 1766.30387303666
25 1709.85715337019
27 1618.40866097456
29 1597.19418159944
31 1605.53893282601
33 1496.19269605813
35 1561.59658327795
37 1562.41901319572
39 1561.27994572532
41 1504.40133725124
43 1537.85002323981
45 1506.67711883585
47 1456.15518936744
49 1490.39957841177
51 1585.77976882833
53 1502.63105534306
55 1571.21750159816
57 1499.17080251619
59 1525.41577702296
61 1492.18551604956
63 1463.15817842677
65 1549.46063882603
67 1482.12508444022
69 1461.61031016819
71 1476.61520019843
73 1414.07536547238
75 1393.79809794516
77 1408.37887111131
79 1280.35914469564
81 1348.54045366539
83 1313.60443235942
85 1301.25489941895
87 1099.68153207725
89 1293.81892974242
91 1058.26627918849
93 1155.36919791701
95 1038.1612557803
97 1062.72085540873
99 1066.25719184466
