1 43.2149960502438
3 45.1062226568966
5 38.8518439803768
7 36.7330328626524
9 37.4270272279125
11 35.8334506919814
13 34.5497920263439
15 34.9931339858427
17 29.8497053130015
19 30.4058692469579
21 33.2492287094804
23 32.4369023058975
25 30.1368557548056
27 30.9250003223253
29 27.1551221062835
31 26.5020377195916
33 25.9589598724859
35 28.6228058256077
37 29.0209412236268
39 27.1784963495009
41 27.7664328055842
43 26.8384470016034
45 27.6000840507914
47 27.2239183835578
49 25.4026393340622
51 23.4046483750279
53 24.4396840756687
55 27.0553874570321
57 27.3903246835126
59 26.740783600073
61 28.7506794029113
63 28.1192201950145
65 26.7390957940082
67 26.7767763929955
69 23.0267290382183
71 25.2623853471354
73 25.0839387590561
75 24.0675066312287
77 19.6387386625556
79 19.6815624183467
81 21.0002259179554
83 19.9583322128882
85 21.1299243185587
87 21.5329101527198
89 21.3617156216782
91 20.0364978861166
93 19.905800804049
95 18.2076590962731
97 20.6573526931531
99 17.1105323848611
