1 480.797032168376
3 462.557939350058
5 452.142883439774
7 405.865072920587
9 389.886083733667
11 390.010782374667
13 373.056010286008
15 342.689806255022
17 324.978380527532
19 316.894519839873
21 286.352294737802
23 275.035908159709
25 271.82256872331
27 275.175212529392
29 258.717680661844
31 265.613637343457
33 253.864324646124
35 271.058985970506
37 234.346380897824
39 257.297250912393
41 236.999156334833
43 241.12242451964
45 252.149706958955
47 247.22378022907
49 248.281214689833
51 246.18343735491
53 233.750675783549
55 244.410988319304
57 273.061734901608
59 246.134319114019
61 261.729702248679
63 249.32129014759
65 247.144171716135
67 236.098463420731
69 241.706404394105
71 225.970806472946
73 244.800235212006
75 230.605747875417
77 230.15814517374
79 218.507241077556
81 209.122744645658
83 223.669008684997
85 208.193377088853
87 204.615976276088
89 174.121244967682
91 195.865996613723
93 188.45908523761
95 167.223011963433
97 175.087159989462
99 188.27998929717
