1 942.837977819945
3 898.564924062896
5 831.561468400531
7 769.273110660822
9 763.932771184244
11 728.894506221557
13 684.629671619855
15 673.190743186437
17 631.780025822501
19 626.498621794237
21 643.325098262693
23 579.630856526007
25 540.994855482787
27 568.363051253873
29 546.517473615976
31 500.048381275424
33 524.887060926122
35 531.273717224226
37 526.055829096716
39 570.870038093746
41 487.654338571961
43 503.800782606669
45 498.866630219076
47 529.070852972263
49 511.34463436401
51 498.696212029479
53 480.649323309516
55 501.16701399583
57 488.049893145055
59 505.642360045496
61 523.130481487626
63 493.781860078401
65 488.495063615967
67 455.810850463528
69 493.354605173334
71 478.245035265646
73 510.260661227252
75 485.512839500768
77 452.478600762123
79 467.178810947531
81 468.043009073013
83 406.67387239649
85 370.915485765991
87 375.82046366138
89 380.218897771723
91 380.290558731505
93 345.424688759685
95 348.564059908721
97 380.291875645984
99 354.379675772362
