1 1940.8041884356
3 1824.42864822987
5 1662.02519525046
7 1593.40201474301
9 1533.79987323132
11 1452.67257048514
13 1356.62106807274
15 1354.46214196067
17 1253.24648421741
19 1133.8844476005
21 1141.57331294234
23 1106.29636052652
25 1155.30969981867
27 1104.75664573941
29 1138.91281399362
31 1031.17676080007
33 1130.02494089386
35 1013.87986356494
37 965.682143872391
39 1030.13231140602
41 971.502703850385
43 964.937918172904
45 1072.36304021363
47 1044.28997289506
49 994.572211970296
51 1081.86953022424
53 1021.44652291446
55 986.491888009515
57 940.198201717409
59 983.998768994586
61 971.383565067531
63 1008.39019899471
65 1011.37455084914
67 936.000282235515
69 989.692442768005
71 1070.83483595234
73 837.151516505973
75 918.521391607045
77 847.509611829114
79 852.151129104289
81 791.20410974978
83 872.3591874396
85 848.349794964431
87 756.00017577249
89 813.010940629057
91 781.615755071206
93 787.246561036919
95 653.151555131769
97 751.021553917465
99 740.315134074098
