1 95.6128578209517
3 88.6038095197224
5 87.4507327705567
7 83.9448380320909
9 82.3182025031967
11 72.1209887586956
13 68.0559773821904
15 63.8697429309356
17 66.4123340754799
19 60.738185759209
21 61.3756782168418
23 53.5927585018971
25 57.0482890995258
27 57.6946610118723
29 59.6309867139942
31 56.6155222889444
33 53.4589280346927
35 57.4079360429361
37 55.9085680847554
39 53.2261545171009
41 51.8006283980313
43 50.0572330185638
45 51.1855322599928
47 46.6108053977468
49 47.4448192566931
51 50.2655574127543
53 54.865033495813
55 58.0740839467137
57 55.0010704399006
59 55.1845627879119
61 55.6525338929081
63 55.8783245849914
65 51.0747847186238
67 50.432658286241
69 51.7760461926326
71 49.0940204101043
73 55.9945081905599
75 47.9283299368942
77 39.4664262406861
79 38.0881720163237
81 42.8812047812259
83 35.9134183831632
85 36.9199702855551
87 36.1059142739845
89 37.2027476908848
91 35.8013017417255
93 38.2284741557749
95 40.9391558398795
97 33.2418621541743
99 31.2298312810171
