1 194.370697535806
3 185.364815285887
5 179.09756412334
7 162.062304264856
9 156.438202230463
11 149.994321441497
13 149.365375638847
15 147.21216896694
17 135.247584754507
19 137.427338957086
21 127.504584287945
23 129.593089465244
25 120.604112919892
27 121.086736410871
29 108.580384870227
31 100.570007933192
33 104.328229162965
35 96.5109593344249
37 94.2914488305621
39 106.412189799464
41 107.356439948682
43 115.34833386796
45 100.423063362697
47 104.866099709108
49 111.874664225251
51 97.0566833589115
53 101.263844788702
55 109.546015923803
57 111.751879018354
59 109.517990984751
61 119.588548014573
63 104.167844396725
65 111.797250534261
67 105.307695644065
69 108.014911458084
71 101.661567828039
73 99.1265420951894
75 90.3679312050424
77 93.8204916767429
79 86.7138754669956
81 91.5673467987885
83 85.3698927659198
85 85.9393897433737
87 80.2869367288408
89 75.6828423211079
91 82.9701748482766
93 76.2318850518014
95 64.8086851346863
97 74.7472654871715
99 73.2522355448608
