1 48.0885890127698
3 41.5646619853674
5 37.6170334831274
7 35.8359657878886
9 35.921019462442
11 32.9080900800462
13 34.9038887503558
15 32.5122154269226
17 30.958741748638
19 32.7297921656451
21 34.9209732835765
23 36.0944145161644
25 33.6723761789926
27 31.2832984831643
29 27.8634304778913
31 28.1230100441758
33 26.45239709914
35 27.1337414040129
37 25.5310120904535
39 26.9954369092481
41 29.8531345110658
43 24.6404702346447
45 29.0376654909978
47 28.9694196541548
49 29.5183867176464
51 30.6006894285733
53 30.6250076165121
55 25.3842349523897
57 25.426486862603
59 26.2887450977989
61 28.8941094101113
63 26.5610136068729
65 22.8549311577273
67 23.2270215501893
69 22.6491682684313
71 20.2949108321522
73 22.1812981646004
75 22.1070849924225
77 22.0543687625917
79 21.2080269309791
81 20.3247379914738
83 20.2734454717695
85 17.3923770497814
87 17.3526338884008
89 16.3760712136044
91 15.344254319288
93 14.7841294954098
95 12.9226185401732
97 17.7469187303312
99 15.9966315806458
