1 188.818100727126
3 182.742677509132
5 177.566545466306
7 161.464900096637
9 149.448588363807
11 134.23792230545
13 120.756178745068
15 132.130099081653
17 122.934773925395
19 122.089269276061
21 116.12027923961
23 119.465833142125
25 111.254836518177
27 108.540470255466
29 108.087786932107
31 101.057655368667
33 104.321396315185
35 101.008914863582
37 103.864965289534
39 101.235052136635
41 103.230927159307
43 97.9179273494517
45 105.546084834525
47 107.435738012306
49 100.398259740229
51 108.158846785078
53 102.389527137508
55 102.358033972526
57 101.622930603043
59 104.074639512543
61 106.750213038641
63 99.5685514812866
65 103.606806967226
67 94.0222335881407
69 98.4120863806874
71 94.4533223393692
73 91.991325921265
75 84.581022229412
77 91.2276887259883
79 76.825659363894
81 78.0850299607521
83 68.1679981522475
85 75.0535933600235
87 75.783110262457
89 67.2778518570037
91 71.0012588434947
93 62.9934554912574
95 64.9345129488883
97 65.5256032142869
99 63.8887432865316
