1 98.4600146421339
3 97.897878297003
5 84.2318002478463
7 82.808035381682
9 77.8699867640358
11 69.9200275543953
13 76.4494275797567
15 71.6181621394451
17 71.4968250732097
19 68.3864014585387
21 59.3611087056952
23 59.766316845311
25 58.6697699155699
27 62.779086695655
29 55.0749969817806
31 59.2832640581696
33 59.9227861325874
35 57.0277981705223
37 58.9605582259427
39 55.9717464978016
41 51.6662395793204
43 45.356140821399
45 44.4542380317111
47 43.7141029150656
49 42.7696036513317
51 48.1404595237981
53 45.2272383379397
55 45.3316669557873
57 44.0994552454118
59 45.4676461572469
61 49.9526409578295
63 50.6833960535831
65 53.6618891314104
67 50.7789548031142
69 51.9164756455954
71 46.0165024902155
73 41.5335849912584
75 41.8379667909143
77 48.9587755812381
79 44.6265756868104
81 46.9932154031862
83 41.381121948019
85 44.6154601777897
87 36.4926888263054
89 38.3331837765732
91 38.1456114470132
93 35.8356628289081
95 32.6297393025743
97 27.4427515326372
99 30.9052589502847
