0 50
0.1 49.8502262312109
0.2 49.7010484002655
0.3 49.5524702262352
0.4 49.4044912409374
0.5 49.2571109605102
0.6 49.1103288855432
0.7 48.9641445012076
0.8 48.8185572773876
0.9 48.6735666688113
1 48.5291721151828
1.1 48.3853730413137
1.2 48.2421688572559
1.3 48.0995589584336
1.4 47.9575427257766
1.5 47.8161195258529
1.6 47.6752887110022
1.7 47.535049619469
1.8 47.3954015755366
1.9 47.2563438896604
2 47.1178758586023
2.1 46.9799967655639
2.2 46.8427058803212
2.3 46.7060024593586
2.4 46.5698857460028
2.5 46.4343549705573
2.6 46.2994093504367
2.7 46.1650480903005
2.8 46.0312703821876
2.9 45.8980754056508
3 45.7654623278902
3.1 45.6334303038876
3.2 45.5019784765407
3.3 45.3711059767966
3.4 45.2408119237854
3.5 45.1110954249544
3.6 44.9819555762006
3.7 44.853391462005
3.8 44.7254021555646
3.9 44.5979867189262
4 44.4711442031182
4.1 44.3448736482837
4.2 44.2191740838121
4.3 44.0940445284714
4.4 43.9694839905395
4.5 43.8454914679355
4.6 43.7220659483508
4.7 43.59920640938
4.8 43.4769118186507
4.9 43.3551811339539
5 43.2340133033733
5.1 43.1134072654149
5.2 42.9933619491355
5.3 42.8738762742713
5.4 42.7549491513659
5.5 42.6365794818979
5.6 42.518766158408
5.7 42.4015080646256
5.8 42.2848040755955
5.9 42.1686530578029
6 42.0530538692992
6.1 41.9380053598269
6.2 41.8235063709431
6.3 41.7095557361441
6.4 41.596152280988
6.5 41.4832948232177
6.6 41.3709821728828
6.7 41.2592131324613
6.8 41.1479864969804
6.9 41.0373010541369
7 40.9271555844173
7.1 40.8175488612165
7.2 40.708479650957
7.3 40.599946713206
7.4 40.4919488007938
7.5 40.3844846599297
7.6 40.2775530303182
7.7 40.1711526452747
7.8 40.0652822318402
7.9 39.9599405108951
8 39.8551261972728
8.1 39.7508379998723
8.2 39.6470746217706
8.3 39.5438347603337
8.4 39.4411171073271
8.5 39.3389203490263
8.6 39.2372431663255
8.7 39.1360842348463
8.8 39.0354422250453
8.9 38.9353158023216
9 38.8357036271224
9.1 38.7366043550492
9.2 38.6380166369621
9.3 38.5399391190843
9.4 38.442370443105
9.5 38.3453092462821
9.6 38.248754161544
9.7 38.1527038175904
9.8 38.0571568389928
9.9 37.9621118462934
10 37.8675674561046
10.1 37.7735222812058
10.2 37.6799749306412
10.3 37.586924009816
10.4 37.4943681205913
10.5 37.4023058613796
10.6 37.3107358272377
10.7 37.2196566099607
10.8 37.1290667981735
10.9 37.0389649774224
11 36.949349730266
11.1 36.8602196363646
11.2 36.7715732725694
11.3 36.6834092130105
11.4 36.5957260291842
11.5 36.5085222900395
11.6 36.4217965620641
11.7 36.3355474093685
11.8 36.2497733937708
11.9 36.1644730748792
12 36.0796450101748
12.1 35.9952877550928
12.2 35.9113998631035
12.3 35.8279798857916
12.4 35.7450263729357
12.5 35.6625378725864
12.6 35.5805129311432
12.7 35.4989500934314
12.8 35.4178479027777
12.9 35.337204901085
13 35.2570196289062
13.1 35.1772906255174
13.2 35.0980164289905
13.3 35.0191955762644
13.4 34.9408266032156
13.5 34.8629080447281
13.6 34.7854384347625
13.7 34.7084163064239
13.8 34.6318401920294
13.9 34.5557086231746
14 34.4800201307989
14.1 34.4047732452511
14.2 34.3299664963524
14.3 34.2555984134604
14.4 34.1816675255311
14.5 34.1081723611804
14.6 34.0351114487451
14.7 33.9624833163425
14.8 33.8902864919297
14.9 33.8185195033618
15 33.7471808784492
15.1 33.6762691450148
15.2 33.6057828309491
15.3 33.535720464266
15.4 33.4660805731566
15.5 33.3968616860426
15.6 33.3280623316293
15.7 33.2596810389574
15.8 33.1917163374537
15.9 33.124166756982
16 33.0570308278923
16.1 32.9903070810691
16.2 32.9239940479802
16.3 32.8580902607234
16.4 32.7925942520728
16.5 32.7275045555248
16.6 32.6628197053427
16.7 32.598538236601
16.8 32.5346586852286
16.9 32.4711795880514
17 32.4080994828343
17.1 32.3454169083224
17.2 32.2831304042808
17.3 32.2212385115351
17.4 32.1597397720095
17.5 32.0986327287654
17.6 32.0379159260387
17.7 31.9775879092764
17.8 31.917647225173
17.9 31.8580924217051
18 31.7989220481668
18.1 31.7401346552025
18.2 31.6817287948413
18.3 31.6237030205282
18.4 31.5660558871569
18.5 31.5087859511003
18.6 31.4518917702408
18.7 31.3953719040004
18.8 31.3392249133695
18.9 31.2834493609354
19 31.2280438109095
19.1 31.173006829155
19.2 31.1183369832128
19.3 31.0640328423273
19.4 31.0100929774717
19.5 30.956515961372
19.6 30.9033003685309
19.7 30.8504447752512
19.8 30.7979477596581
19.9 30.7458079017209
20 30.6940237832746
20.1 30.6425939880402
20.2 30.591517101645
20.3 30.5407917116421
20.4 30.4904164075286
20.5 30.4403897807646
20.6 30.3907104247904
20.7 30.3413769350435
20.8 30.2923879089752
20.9 30.2437419460667
21 30.1954376478438
21.1 30.1474736178922
21.2 30.0998484618715
21.3 30.0525607875288
21.4 30.0056092047116
21.5 29.9589923253806
21.6 29.9127087636218
21.7 29.8667571356573
21.8 29.821136059857
21.9 29.7758441567485
22 29.7308800490269
22.1 29.6862423615646
22.2 29.6419297214198
22.3 29.5979407578448
22.4 29.5542741022941
22.5 29.5109283884314
22.6 29.4679022521367
22.7 29.4251943315127
22.8 29.3828032668903
22.9 29.3407277008345
23 29.2989662781491
23.1 29.2575176458811
23.2 29.2163804533248
23.3 29.1755533520254
23.4 29.135034995782
23.5 29.0948240406506
23.6 29.0549191449459
23.7 29.0153189692432
23.8 28.97602217638
23.9 28.9370274314569
24 28.8983334018378
24.1 28.8599387571507
24.2 28.8218421692865
24.3 28.7840423123992
24.4 28.7465378629043
24.5 28.7093274994775
24.6 28.6724099030528
24.7 28.6357837568205
24.8 28.5994477462241
24.9 28.5634005589579
25 28.5276408849632
25.1 28.492167416425
25.2 28.4569788477674
25.3 28.4220738756501
25.4 28.3874511989626
25.5 28.3531095188199
25.6 28.3190475385568
25.7 28.2852639637224
25.8 28.2517575020735
25.9 28.2185268635687
26 28.1855707603619
26.1 28.1528879067946
26.2 28.1204770193893
26.3 28.0883368168416
26.4 28.0564660200123
26.5 28.0248633519194
26.6 27.9935275377295
26.7 27.9624573047494
26.8 27.9316513824165
26.9 27.9011085022904
27 27.8708273980427
27.1 27.8408068054474
27.2 27.8110454623713
27.3 27.7815421087632
27.4 27.7522954866439
27.5 27.7233043400949
27.6 27.6945674152482
27.7 27.6660834602744
27.8 27.6378512253719
27.9 27.6098694627549
28 27.5821369266419
28.1 27.5546523732433
28.2 27.5274145607499
28.3 27.5004222493195
28.4 27.4736742010653
28.5 27.4471691800425
28.6 27.4209059522358
28.7 27.3948832855457
28.8 27.3690999497759
28.9 27.3435547166195
29 27.3182463596453
29.1 27.2931736542845
29.2 27.2683353778163
29.3 27.2437303093542
29.4 27.2193572298316
29.5 27.1952149219879
29.6 27.1713021703535
29.7 27.1476177612358
29.8 27.1241604827041
29.9 27.1009291245752
30 27.0779224783982
30.1 27.0551393374399
30.2 27.0325784966691
30.3 27.0102387527423
30.4 26.9881189039874
30.5 26.9662177503895
30.6 26.9445340935744
30.7 26.9230667367941
30.8 26.9018144849103
30.9 26.8807761443796
31 26.8599505232373
31.1 26.839336431082
31.2 26.8189326790595
31.3 26.7987380798473
31.4 26.7787514476385
31.5 26.7589715981261
31.6 26.7393973484869
31.7 26.7200275173658
31.8 26.7008609248596
31.9 26.6818963925011
32 26.6631327432431
32.1 26.6445688014426
32.2 26.6262033928446
32.3 26.608035344566
32.4 26.5900634850799
32.5 26.5722866441996
32.6 26.5547036530625
32.7 26.5373133441141
32.8 26.5201145510926
32.9 26.5031061090123
33 26.4862868541485
33.1 26.4696556240211
33.2 26.4532112573793
33.3 26.4369525941857
33.4 26.4208784756008
33.5 26.404987743967
33.6 26.3892792427938
33.7 26.3737518167419
33.8 26.3584043116076
33.9 26.3432355743082
34 26.3282444528661
34.1 26.3134297963941
34.2 26.2987904550802
34.3 26.2843252801727
34.4 26.2700331239653
34.5 26.2559128397823
34.6 26.2419632819644
34.7 26.2281833058534
34.8 26.2145717677786
34.9 26.201127525042
35 26.1878494359042
35.1 26.1747363595708
35.2 26.1617871561777
35.3 26.1490006867782
35.4 26.1363758133289
35.5 26.1239113986762
35.6 26.1116063065433
35.7 26.0994594015166
35.8 26.0874695490332
35.9 26.0756356153677
36 26.0639564676194
36.1 26.0524309737002
36.2 26.0410580023221
36.3 26.0298364229848
36.4 26.0187651059642
36.5 26.0078429223
36.6 25.9970687437849
36.7 25.9864414429523
36.8 25.9759598930658
36.9 25.9656229681079
37 25.9554295427693
37.1 25.9453784924379
37.2 25.9354686931893
37.3 25.9256990217759
37.4 25.916068355617
37.5 25.9065755727896
37.6 25.8972195520184
37.7 25.8879991726668
37.8 25.8789133147279
37.9 25.8699608588156
38 25.8611406861562
38.1 25.8524516785798
38.2 25.8438927185129
38.3 25.83546268897
38.4 25.8271604735462
38.5 25.8189849564102
38.6 25.8109350222972
38.7 25.803009556502
38.8 25.7952074448725
38.9 25.787527573804
39 25.7799688302327
39.1 25.7725301016303
39.2 25.7652102759987
39.3 25.7580082418649
39.4 25.7509228882764
39.5 25.7439531047962
39.6 25.7370977814993
39.7 25.7303558089683
39.8 25.7237260782901
39.9 25.7172074810524
40 25.7107989093411
40.1 25.704499255737
40.2 25.6983074133144
40.3 25.6922222756381
40.4 25.6862427367624
40.5 25.6803676912292
40.6 25.6745960340675
40.7 25.668926660792
40.8 25.6633584674034
40.9 25.6578903503878
41 25.6525212067172
41.1 25.6472499338501
41.2 25.6420754297324
41.3 25.6369965927985
41.4 25.6320123219736
41.5 25.6271215166747
41.6 25.6223230768137
41.7 25.6176159028
41.8 25.6129988955429
41.9 25.608470956456
42 25.60403098746
42.1 25.5996778909875
42.2 25.595410569987
42.3 25.5912279279281
42.4 25.5871288688065
42.5 25.5831122971497
42.6 25.5791771180227
42.7 25.5753222370347
42.8 25.5715465603455
42.9 25.5678489946726
43 25.5642284472988
43.1 25.56068382608
43.2 25.557214039453
43.3 25.5538179964448
43.4 25.5504946066809
43.5 25.5472427803951
43.6 25.5440614284389
43.7 25.5409494622921
43.8 25.5379057940725
43.9 25.5349293365478
44 25.5320190031461
44.1 25.5291737079681
44.2 25.5263923657986
44.3 25.5236738921197
44.4 25.521017203123
44.5 25.5184212157233
44.6 25.5158848475719
44.7 25.5134070170712
44.8 25.5109866433883
44.9 25.5086226464705
45 25.5063139470606
45.1 25.5040594667118
45.2 25.5018581278047
45.3 25.4997088535629
45.4 25.4976105680702
45.5 25.4955621962881
45.6 25.4935626640728
45.7 25.4916108981938
45.8 25.4897058263518
45.9 25.4878463771981
46 25.4860314803534
46.1 25.4842600664275
46.2 25.4825310670395
46.3 25.4808434148379
46.4 25.4791960435217
46.5 25.4775878878616
46.6 25.4760178837213
46.7 25.4744849680798
46.8 25.4729880790538
46.9 25.4715261559201
47 25.4700981391395
47.1 25.4687029703795
47.2 25.4673395925389
47.3 25.466006949772
47.4 25.4647039875132
47.5 25.4634296525023
47.6 25.4621828928097
47.7 25.4609626578628
47.8 25.459767898472
47.9 25.4585975668571
48 25.4574506166748
48.1 25.4563260030459
48.2 25.4552226825832
48.3 25.4541396134193
48.4 25.4530757552359
48.5 25.4520300692917
48.6 25.4510015184527
48.7 25.449989067221
48.8 25.4489916817653
48.9 25.4480083299514
49 25.4470379813722
49.1 25.4460796073797
49.2 25.4451321811157
49.3 25.444194677544
49.4 25.4432660734826
49.5 25.4423453476358
49.6 25.4414314806274
49.7 25.4405234550336
49.8 25.4396202554168
49.9 25.4387208683593
50 25.4378242824972
50.1 25.4369294885553
50.2 25.4360354793821
50.3 25.4351412499841
50.4 25.4342457975621
50.5 25.4333481215467
50.6 25.4324472236344
50.7 25.4315421078237
50.8 25.4306317804523
50.9 25.4297152502339
51 25.4287915282954
51.1 25.4278596282145
51.2 25.4269185660576
51.3 25.4259673604182
51.4 25.4250050324548
51.5 25.4240306059302
51.6 25.4230431072501
51.7 25.4220415655025
51.8 25.421025012497
51.9 25.419992482805
52 25.4189430137991
52.1 25.4178756456941
52.2 25.4167894215867
52.3 25.4156833874971
52.4 25.4145565924091
52.5 25.413408088312
52.6 25.4122369302417
52.7 25.4110421763225
52.8 25.4098228878085
52.9 25.4085781291266
53 25.4073069679177
53.1 25.4060084750798
53.2 25.4046817248105
53.3 25.40332579465
53.4 25.4019397655236
53.5 25.4005227217856
53.6 25.399073751262
53.7 25.3975919452945
53.8 25.3960763987838
53.9 25.3945262102339
54 25.3929404817954
54.1 25.3913183193103
54.2 25.3896588323557
54.3 25.3879611342885
54.4 25.3862243422897
54.5 25.3844475774091
54.6 25.3826299646099
54.7 25.3807706328137
54.8 25.3788687149451
54.9 25.3769233479769
55 25.3749336729752
55.1 25.3728988351443
55.2 25.3708179838721
55.3 25.3686902727753
55.4 25.3665148597448
55.5 25.3642909069911
55.6 25.3620175810893
55.7 25.3596940530251
55.8 25.35731949824
55.9 25.3548930966767
56 25.3524140328247
56.1 25.3498814957659
56.2 25.34729467922
56.3 25.3446527815899
56.4 25.3419550060073
56.5 25.3392005603782
56.6 25.336388657428
56.7 25.3335185147474
56.8 25.3305893548372
56.9 25.3276004051541
57 25.3245508981554
57.1 25.3214400713445
57.2 25.3182671673159
57.3 25.3150314338002
57.4 25.3117321237088
57.5 25.3083684951791
57.6 25.3049398116189
57.7 25.301445341751
57.8 25.2978843596577
57.9 25.2942561448254
58 25.2905599821883
58.1 25.2867951621728
58.2 25.2829609807415
58.3 25.2790567394365
58.4 25.2750817454235
58.5 25.2710353115347
58.6 25.2669167563124
58.7 25.2627254040521
58.8 25.2584605848447
58.9 25.2541216346199
59 25.2497078951883
59.1 25.2452187142834
59.2 25.2406534456039
59.3 25.236011448855
59.4 25.2312920897905
59.5 25.2264947402535
59.6 25.2216187782176
59.7 25.2166635878275
59.8 25.2116285594397
59.9 25.2065130896622
60 25.2013165813948
60.1 25.1960384438684
60.2 25.1906780926842
60.3 25.1852349498531
60.4 25.1797084438337
60.5 25.174098009571
60.6 25.1684030885342
60.7 25.1626231287544
60.8 25.1567575848619
60.9 25.150805918123
61 25.1447675964766
61.1 25.1386420945702
61.2 25.132428893796
61.3 25.1261274823262
61.4 25.1197373551479
61.5 25.1132580140978
61.6 25.1066889678962
61.7 25.1000297321812
61.8 25.0932798295417
61.9 25.0864387895504
62 25.0795061487965
62.1 25.0724814509173
62.2 25.0653642466305
62.3 25.0581540937646
62.4 25.0508505572901
62.5 25.0434532093493
62.6 25.0359616292865
62.7 25.0283754036769
62.8 25.0206941263554
62.9 25.0129173984449
63 25.0050448283842
63.1 24.997076031955
63.2 24.9890106323087
63.3 24.9808482599927
63.4 24.972588552976
63.5 24.9642311566744
63.6 24.9557757239751
63.7 24.9472219152607
63.8 24.9385693984325
63.9 24.9298178489341
64 24.920966949773
64.1 24.9120163915431
64.2 24.9029658724453
64.3 24.8938150983088
64.4 24.8845637826106
64.5 24.8752116464953
64.6 24.8657584187941
64.7 24.8562038360428
64.8 24.8465476424997
64.9 24.8367895901625
65 24.8269294387849
65.1 24.8169669558924
65.2 24.8069019167975
65.3 24.7967341046143
65.4 24.7864633102726
65.5 24.7760893325309
65.6 24.7656119779892
65.7 24.7550310611013
65.8 24.744346404186
65.9 24.7335578374375
66 24.722665198936
66.1 24.711668334657
66.2 24.7005670984796
66.3 24.6893613521953
66.4 24.6780509655147
66.5 24.6666358160748
66.6 24.6551157894448
66.7 24.6434907791314
66.8 24.6317606865838
66.9 24.6199254211972
67 24.6079849003169
67.1 24.5959390492401
67.2 24.5837878012184
67.3 24.5715310974589
67.4 24.5591688871247
67.5 24.5467011273348
67.6 24.5341277831631
67.7 24.5214488276371
67.8 24.5086642417355
67.9 24.4957740143852
68 24.4827781424579
68.1 24.4696766307652
68.2 24.456469492054
68.3 24.4431567470006
68.4 24.4297384242039
68.5 24.4162145601785
68.6 24.4025851993468
68.7 24.3888503940299
68.8 24.3750102044389
68.9 24.3610646986642
69 24.3470139526651
69.1 24.3328580502582
69.2 24.3185970831051
69.3 24.3042311506995
69.4 24.2897603603536
69.5 24.2751848271839
69.6 24.2605046740957
69.7 24.2457200317677
69.8 24.2308310386354
69.9 24.2158378408738
70 24.2007405923796
70.1 24.1855394547526
70.2 24.1702345972764
70.3 24.154826196898
70.4 24.1393144382076
70.5 24.1236995134171
70.6 24.1079816223375
70.7 24.0921609723565
70.8 24.076237778415
70.9 24.0602122629826
71 24.0440846560331
71.1 24.0278551950183
71.2 24.0115241248424
71.3 23.9950916978346
71.4 23.9785581737219
71.5 23.9619238196
71.6 23.9451889099054
71.7 23.9283537263847
71.8 23.9114185580651
71.9 23.8943837012229
72 23.8772494593522
72.1 23.8600161431322
72.2 23.8426840703949
72.3 23.8252535660909
72.4 23.8077249622554
72.5 23.7900985979733
72.6 23.7723748193439
72.7 23.7545539794445
72.8 23.7366364382937
72.9 23.7186225628142
73 23.7005127267944
73.1 23.6823073108504
73.2 23.6640067023863
73.3 23.6456112955544
73.4 23.6271214912152
73.5 23.608537696896
73.6 23.5898603267494
73.7 23.5710898015114
73.8 23.5522265484584
73.9 23.5332710013639
74 23.5142236004548
74.1 23.4950847923667
74.2 23.4758550300996
74.3 23.4565347729713
74.4 23.4371244865726
74.5 23.4176246427196
74.6 23.3980357194073
74.7 23.378358200762
74.8 23.3585925769925
74.9 23.3387393443423
75 23.3187990050398
75.1 23.2987720672492
75.2 23.2786590450199
75.3 23.2584604582365
75.4 23.2381768325669
75.5 23.2178086994119
75.6 23.197356595852
75.7 23.176821064596
75.8 23.1562026539276
75.9 23.1355019176522
76 23.1147194150432
76.1 23.0938557107879
76.2 23.0729113749329
76.3 23.051886982829
76.4 23.0307831150762
76.5 23.0096003574677
76.6 22.9883393009338
76.7 22.9670005414854
76.8 22.9455846801573
76.9 22.9240923229508
77 22.9025240807763
77.1 22.8808805693952
77.2 22.859162409362
77.3 22.8373702259653
77.4 22.8155046491693
77.5 22.7935663135545
77.6 22.7715558582584
77.7 22.7494739269152
77.8 22.7273211675965
77.9 22.7050982327503
78 22.682805779141
78.1 22.6604444677882
78.2 22.6380149639058
78.3 22.6155179368403
78.4 22.5929540600099
78.5 22.5703240108422
78.6 22.5476284707125
78.7 22.5248681248813
78.8 22.5020436624323
78.9 22.4791557762096
79 22.4562051627549
79.1 22.4331925222447
79.2 22.4101185584273
79.3 22.3869839785593
79.4 22.3637894933424
79.5 22.34053581686
79.6 22.3172236665133
79.7 22.2938537629576
79.8 22.2704268300388
79.9 22.2469435947288
80 22.223404787062
80.1 22.1998111400709
80.2 22.176163389722
80.3 22.1524622748513
80.4 22.1287085371003
80.5 22.1049029208515
80.6 22.0810461731636
80.7 22.0571390437079
80.8 22.033182284703
80.9 22.0091766508505
81 21.9851228992711
81.1 21.9610217894391
81.2 21.936874083119
81.3 21.9126805443001
81.4 21.8884419391328
81.5 21.8641590358637
81.6 21.8398326047718
81.7 21.8154634181034
81.8 21.7910522500088
81.9 21.7665998764775
82 21.7421070752742
82.1 21.7175746258753
82.2 21.6930033094043
82.3 21.6683939085684
82.4 21.643747207595
82.5 21.6190639921675
82.6 21.5943450493627
82.7 21.5695911675868
82.8 21.5448031365125
82.9 21.5199817470161
83 21.4951277911143
83.1 21.4702420619022
83.2 21.4453253534899
83.3 21.4203784609407
83.4 21.395402180209
83.5 21.3703973080781
83.6 21.3453646420986
83.7 21.3203049805267
83.8 21.2952191222631
83.9 21.2701078667917
84 21.2449720141189
84.1 21.2198123647128
84.2 21.194629719443
84.3 21.1694248795203
84.4 21.1441986464369
84.5 21.1189518219069
84.6 21.0936852078066
84.7 21.0683996061157
84.8 21.0430958188588
84.9 21.0177746480463
85 20.9924368956166
85.1 20.9670833633781
85.2 20.9417148529517
85.3 20.9163321657135
85.4 20.8909361027378
85.5 20.8655274647404
85.6 20.8401070520227
85.7 20.8146756644152
85.8 20.7892341012225
85.9 20.7637831611675
86 20.7383236423368
86.1 20.7128563421261
86.2 20.687382057186
86.3 20.6619015833683
86.4 20.6364157156725
86.5 20.6109252481927
86.6 20.5854309740649
86.7 20.5599336854149
86.8 20.5344341733065
86.9 20.5089332276894
87 20.4834316373492
87.1 20.4579301898555
87.2 20.4324296715127
87.3 20.4069308673095
87.4 20.3814345608697
87.5 20.3559415344033
87.6 20.3304525686579
87.7 20.3049684428701
87.8 20.2794899347188
87.9 20.2540178202768
88 20.2285528739648
88.1 20.2030958685048
88.2 20.1776475748739
88.3 20.1522087622593
88.4 20.1267801980129
88.5 20.101362647607
88.6 20.07595687459
88.7 20.0505636405431
88.8 20.0251837050366
88.9 19.9998178255877
89 19.9744667576182
89.1 19.9491312544124
89.2 19.9238120670765
89.3 19.898509944497
89.4 19.8732256333011
89.5 19.8479598778165
89.6 19.8227134200321
89.7 19.7974869995593
89.8 19.7722813535934
89.9 19.747097216876
90 19.7219353216576
90.1 19.6967963976603
90.2 19.6716811720421
90.3 19.6465903693604
90.4 19.6215247115368
90.5 19.5964849178226
90.6 19.5714717047637
90.7 19.5464857861671
90.8 19.5215278730676
90.9 19.4965986736948
91 19.4716988934406
91.1 19.4468292348274
91.2 19.4219903974766
91.3 19.3971830780781
91.4 19.3724079703596
91.5 19.3476657650566
91.6 19.3229571498835
91.7 19.2982828095043
91.8 19.2736434255045
91.9 19.249039676363
92 19.2244722374252
92.1 19.1999417808756
92.2 19.1754489757119
92.3 19.150994487719
92.4 19.1265789794436
92.5 19.1022031101693
92.6 19.0778675358926
92.7 19.0535729092988
92.8 19.0293198797386
92.9 19.0051090932055
93 18.9809411923133
93.1 18.9568168162743
93.2 18.932736600878
93.3 18.90870117847
93.4 18.8847111779321
93.5 18.8607672246618
93.6 18.8368699405536
93.7 18.8130199439795
93.8 18.7892178497711
93.9 18.7654642692012
94 18.7417598099666
94.1 18.7181050761712
94.2 18.6945006683094
94.3 18.6709471832499
94.4 18.6474452142206
94.5 18.6239953507933
94.6 18.6005981788689
94.7 18.5772542806635
94.8 18.5539642346949
94.9 18.5307286157691
95 18.5075479949676
95.1 18.4844229396352
95.2 18.4613540133682
95.3 18.438341776003
95.4 18.415386783605
95.5 18.3924895884585
95.6 18.3696507390564
95.7 18.3468707800904
95.8 18.3241502524425
95.9 18.3014896931756
96 18.2788896355257
96.1 18.2563506088938
96.2 18.2338731388384
96.3 18.2114577470688
96.4 18.1891049514384
96.5 18.1668152659384
96.6 18.1445892006921
96.7 18.1224272619497
96.8 18.1003299520833
96.9 18.0782977695823
97 18.0563312090495
97.1 18.0344307611969
97.2 18.012596912843
97.3 17.9908301469093
97.4 17.9691309424183
97.5 17.9474997744907
97.6 17.925937114344
97.7 17.9044434292911
97.8 17.8830191827392
97.9 17.861664834189
98 17.8403808392346
98.1 17.8191676495633
98.2 17.7980257129563
98.3 17.7769554732892
98.4 17.7559573705334
98.5 17.7350318407572
98.6 17.714179316128
98.7 17.693400224914
98.8 17.6726949914872
98.9 17.6520640363258
99 17.6315077760174
99.1 17.6110266232624
99.2 17.5906209868783
99.3 17.5702912718029
99.4 17.5500378790995
99.5 17.5298612059611
99.6 17.5097616457156
99.7 17.4897395878311
99.8 17.4697954179215
99.9 17.4499295177523
100 17.4301422652469
