0 500
0.1 498.466064299006
0.2 496.938342114876
0.3 495.416871294168
0.4 493.901646023508
0.5 492.392660330302
0.6 490.889908084139
0.7 489.393382998182
0.8 487.903078630576
0.9 486.418988385858
1 484.941105516357
1.1 483.469423123616
1.2 482.003934159801
1.3 480.544631429115
1.4 479.091507589222
1.5 477.644555152665
1.6 476.203766488285
1.7 474.769133822646
1.8 473.34064924146
1.9 471.918304691008
2 470.50209197957
2.1 469.092002778847
2.2 467.688028625392
2.3 466.290160922029
2.4 464.898390939287
2.5 463.512709816821
2.6 462.133108564839
2.7 460.759578065527
2.8 459.392109074471
2.9 458.030692222083
3 456.675318015021
3.1 455.325976837607
3.2 453.98265895325
3.3 452.645354505859
3.4 451.314053521261
3.5 449.988745908612
3.6 448.669421461806
3.7 447.356069860887
3.8 446.048680673452
3.9 444.747243356056
4 443.451747255607
4.1 442.162181610769
4.2 440.878535553351
4.3 439.6007981097
4.4 438.328958202085
4.5 437.063004650084
4.6 435.802926171958
4.7 434.54871138603
4.8 433.300348812056
4.9 432.057826872589
5 430.821133894345
5.1 429.590258109558
5.2 428.365187657336
5.3 427.145910585008
5.4 425.932414849466
5.5 424.724688318508
5.6 423.522718772167
5.7 422.326493904043
5.8 421.136001322622
5.9 419.951228552595
6 418.772163036173
6.1 417.598792134387
6.2 416.431103128392
6.3 415.269083220759
6.4 414.112719536765
6.5 412.961999125675
6.6 411.816908962015
6.7 410.677435946844
6.8 409.543566909017
6.9 408.415288606437
7 407.292587727311
7.1 406.175450891388
7.2 405.063864651198
7.3 403.95781549328
7.4 402.857289839403
7.5 401.762274047783
7.6 400.672754414291
7.7 399.588717173651
7.8 398.510148500638
7.9 397.43703451126
8 396.369361263937
8.1 395.307114760675
8.2 394.250280948225
8.3 393.198845719244
8.4 392.152794913438
8.5 391.112114318705
8.6 390.076789672266
8.7 389.046806661792
8.8 388.022150926517
8.9 387.002808058349
9 385.98876360297
9.1 384.980003060926
9.2 383.976511888716
9.3 382.978275499862
9.4 381.98527926598
9.5 380.99750851784
9.6 380.014948546414
9.7 379.037584603921
9.8 378.065401904861
9.9 377.098385627038
10 376.136520912579
10.1 375.179792868944
10.2 374.228186569923
10.3 373.281687056629
10.4 372.340279338481
10.5 371.403948394176
10.6 370.472679172659
10.7 369.546456594072
10.8 368.62526555071
10.9 367.709090907956
11 366.79791750521
11.1 365.891730156815
11.2 364.990513652964
11.3 364.094252760611
11.4 363.20293222436
11.5 362.316536767353
11.6 361.435051092149
11.7 360.558459881591
11.8 359.686747799665
11.9 358.819899492354
12 357.957899588474
12.1 357.100732700512
12.2 356.24838342545
12.3 355.400836345576
12.4 354.558076029293
12.5 353.720087031916
12.6 352.88685389646
12.7 352.058361154421
12.8 351.234593326543
12.9 350.415534923585
13 349.601170447067
13.1 348.791484390021
13.2 347.986461237723
13.3 347.186085468415
13.4 346.390341554031
13.5 345.599213960898
13.6 344.81268715044
13.7 344.030745579867
13.8 343.253373702857
13.9 342.480555970233
14 341.712276830621
14.1 340.948520731112
14.2 340.189272117905
14.3 339.43451543695
14.4 338.684235134571
14.5 337.938415658096
14.6 337.19704145646
14.7 336.460096980817
14.8 335.727566685129
14.9 334.999435026759
15 334.275686467045
15.1 333.556305471869
15.2 332.841276512222
15.3 332.130584064754
15.4 331.424212612321
15.5 330.722146644518
15.6 330.02437065821
15.7 329.330869158047
15.8 328.64162665698
15.9 327.956627676761
16 327.275856748441
16.1 326.599298412851
16.2 325.926937221083
16.3 325.258757734964
16.4 324.594744527511
16.5 323.934882183392
16.6 323.279155299369
16.7 322.627548484735
16.8 321.980046361747
16.9 321.336633566046
17 320.697294747074
17.1 320.062014568479
17.2 319.430777708516
17.3 318.803568860435
17.4 318.180372732869
17.5 317.561174050207
17.6 316.945957552964
17.7 316.33470799814
17.8 315.727410159575
17.9 315.124048828297
18 314.524608812857
18.1 313.929074939661
18.2 313.337432053296
18.3 312.749665016846
18.4 312.1657587122
18.5 311.585698040356
18.6 311.009467921714
18.7 310.43705329637
18.8 309.868439124387
18.9 309.30361038608
19 308.742552082276
19.1 308.185249234577
19.2 307.631686885613
19.3 307.08185009929
19.4 306.535723961028
19.5 305.993293577997
19.6 305.45454407934
19.7 304.919460616396
19.8 304.388028362915
19.9 303.860232515261
20 303.336058292616
20.1 302.815490937173
20.2 302.298515714326
20.3 301.785117912849
20.4 301.275282845073
20.5 300.768995847056
20.6 300.266242278748
20.7 299.767007524143
20.8 299.271276991436
20.9 298.779036113165
21 298.290270346353
21.1 297.804965172639
21.2 297.323106098408
21.3 296.844678654913
21.4 296.369668398391
21.5 295.898060910173
21.6 295.429841796791
21.7 294.964996690079
21.8 294.503511247262
21.9 294.045371151052
22 293.590562109728
22.1 293.139069857212
22.2 292.690880153148
22.3 292.245978782966
22.4 291.804351557945
22.5 291.365984315272
22.6 290.930862918096
22.7 290.498973255571
22.8 290.070301242905
22.9 289.644832821394
23 289.222553958456
23.1 288.803450647661
23.2 288.387508908754
23.3 287.974714787673
23.4 287.565054356567
23.5 287.158513713804
23.6 286.755078983973
23.7 286.354736317895
23.8 285.95747189261
23.9 285.563271911376
24 285.172122603655
24.1 284.784010225096
24.2 284.39892105752
24.3 284.016841408889
24.4 283.637757613287
24.5 283.261656030878
24.6 282.888523047879
24.7 282.518345076515
24.8 282.151108554978
24.9 281.78679994738
25 281.425405743699
25.1 281.06691245973
25.2 280.711306637022
25.3 280.358574842817
25.4 280.008703669991
25.5 279.661679736977
25.6 279.317489687697
25.7 278.976120191491
25.8 278.637557943031
25.9 278.301789662246
26 277.968802094233
26.1 277.638582009172
26.2 277.311116202235
26.3 276.986391493491
26.4 276.66439472781
26.5 276.345112774765
26.6 276.028532528526
26.7 275.714640907759
26.8 275.403424855518
26.9 275.094871339132
27 274.788967350092
27.1 274.485699903939
27.2 274.185056040145
27.3 273.887022821988
27.4 273.591587336436
27.5 273.298736694017
27.6 273.008458028695
27.7 272.720738497737
27.8 272.435565281584
27.9 272.152925583716
28 271.872806630516
28.1 271.595195671133
28.2 271.320079977342
28.3 271.047446843399
28.4 270.777283585903
28.5 270.509577543647
28.6 270.244316077469
28.7 269.98148657011
28.8 269.721076426055
28.9 269.463073071388
29 269.207463953634
29.1 268.954236541605
29.2 268.703378325245
29.3 268.45487681547
29.4 268.208719544009
29.5 267.964894063247
29.6 267.723387946056
29.7 267.484188785641
29.8 267.247284195366
29.9 267.012661808599
30 266.780309278539
30.1 266.55021427805
30.2 266.322364499496
30.3 266.096747654567
30.4 265.873351474114
30.5 265.652163707977
30.6 265.433172124812
30.7 265.21636451192
30.8 265.001728675076
30.9 264.789252438354
31 264.578923643953
31.1 264.370730152026
31.2 264.164659840501
31.3 263.960700604908
31.4 263.758840358207
31.5 263.559067030606
31.6 263.361368569389
31.7 263.165732938741
31.8 262.97214811957
31.9 262.780602109329
32 262.591082921845
32.1 262.403578587137
32.2 262.218077151244
32.3 262.034566676047
32.4 261.853035239092
32.5 261.673470933416
32.6 261.495861867373
32.7 261.320196164454
32.8 261.146461963116
32.9 260.974647416607
33 260.804740692789
33.1 260.636729973969
33.2 260.470603456723
33.3 260.306349351722
33.4 260.143955883564
33.5 259.9834112906
33.6 259.824703824766
33.7 259.667821751408
33.8 259.512753349118
33.9 259.359486909567
34 259.208010737329
34.1 259.058313149727
34.2 258.910382476655
34.3 258.764207060426
34.4 258.619775255597
34.5 258.477075428816
34.6 258.336095958656
34.7 258.196825235456
34.8 258.059251661162
34.9 257.923363649173
35 257.789149624181
35.1 257.656598022016
35.2 257.525697289499
35.3 257.39643588428
35.4 257.268802274698
35.5 257.142784939625
35.6 257.018372368324
35.7 256.895553060298
35.8 256.77431552515
35.9 256.654648282441
36 256.536539861547
36.1 256.419978801523
36.2 256.304953650962
36.3 256.191452967867
36.4 256.079465319509
36.5 255.968979282303
36.6 255.859983441678
36.7 255.752466391946
36.8 255.646416736178
36.9 255.541823086086
37 255.438674061895
37.1 255.33695829223
37.2 255.236664413995
37.3 255.137781072263
37.4 255.040296920162
37.5 254.944200618765
37.6 254.849480836983
37.7 254.756126251463
37.8 254.66412554648
37.9 254.573467413844
38 254.484140552797
38.1 254.396133669919
38.2 254.309435479041
38.3 254.224034701149
38.4 254.139920064298
38.5 254.057080303533
38.6 253.975504160802
38.7 253.895180384877
38.8 253.816097731284
38.9 253.738244962223
39 253.6616108465
39.1 253.586184159464
39.2 253.511953682934
39.3 253.438908205145
39.4 253.367036520686
39.5 253.296327430444
39.6 253.226769741554
39.7 253.158352267348
39.8 253.091063827308
39.9 253.024893247024
40 252.959829358154
40.1 252.895860998387
40.2 252.83297701141
40.3 252.771166246876
40.4 252.710417560378
40.5 252.650719813427
40.6 252.592061873429
40.7 252.534432613669
40.8 252.477820913298
40.9 252.422215657321
41 252.367605736594
41.1 252.313980047815
41.2 252.261327493531
41.3 252.209636982135
41.4 252.158897427879
41.5 252.109097750881
41.6 252.060226877141
41.7 252.01227373856
41.8 251.965227272958
41.9 251.919076424105
42 251.873810141745
42.1 251.82941738163
42.2 251.785887105559
42.3 251.743208281415
42.4 251.701369883209
42.5 251.660360891132
42.6 251.620170291599
42.7 251.580787077313
42.8 251.542200247316
42.9 251.504398807057
43 251.467371768459
43.1 251.431108149985
43.2 251.395596976719
43.3 251.360827280438
43.4 251.326788099701
43.5 251.293468479929
43.6 251.260857473501
43.7 251.228944139842
43.8 251.197717545528
43.9 251.167166764384
44 251.13728087759
44.1 251.108048973793
44.2 251.079460149222
44.3 251.051503507801
44.4 251.024168161278
44.5 250.997443229347
44.6 250.971317839781
44.7 250.945781128562
44.8 250.920822240024
44.9 250.896430326994
45 250.872594550937
45.1 250.849304082109
45.2 250.826548099709
45.3 250.804315792042
45.4 250.782596356676
45.5 250.761379000613
45.6 250.740652940458
45.7 250.720407402598
45.8 250.700631623374
45.9 250.68131484927
46 250.662446337098
46.1 250.644015354191
46.2 250.626011178594
46.3 250.608423099269
46.4 250.591240416296
46.5 250.574452441079
46.6 250.55804849656
46.7 250.542017917433
46.8 250.526350050364
46.9 250.511034254216
47 250.496059900275
47.1 250.481416372482
47.2 250.467093067669
47.3 250.453079395799
47.4 250.439364780207
47.5 250.425938657852
47.6 250.412790479565
47.7 250.399909710304
47.8 250.387285829417
47.9 250.374908330902
48 250.362766723675
48.1 250.350850531839
48.2 250.339149294964
48.3 250.327652568358
48.4 250.316349923357
48.5 250.305230947607
48.6 250.294285245353
48.7 250.283502437735
48.8 250.272872163085
48.9 250.262384077227
49 250.252027853783
49.1 250.241793184479
49.2 250.23166977946
49.3 250.221647367605
49.4 250.211715696842
49.5 250.201864534478
49.6 250.192083667517
49.7 250.182362902997
49.8 250.172692068317
49.9 250.163061011577
50 250.153459601918
50.1 250.143877729863
50.2 250.134305307663
50.3 250.124732269652
50.4 250.115148572594
50.5 250.105544196041
50.6 250.095909142694
50.7 250.086233438765
50.8 250.07650713434
50.9 250.066720303751
51 250.056863045946
51.1 250.046925484864
51.2 250.036897769813
51.3 250.026770075848
51.4 250.016532604158
51.5 250.006175582449
51.6 249.995689265335
51.7 249.985063934728
51.8 249.974289900234
51.9 249.963357499547
52 249.95225709885
52.1 249.940979093219
52.2 249.929513907023
52.3 249.917851994335
52.4 249.905983839338
52.5 249.893899956739
52.6 249.88159089218
52.7 249.869047222657
52.8 249.856259556937
52.9 249.843218535976
53 249.829914833346
53.1 249.816339155654
53.2 249.802482242972
53.3 249.788334869265
53.4 249.773887842818
53.5 249.759132006671
53.6 249.74405823905
53.7 249.728657453805
53.8 249.712920600843
53.9 249.69683866657
54 249.680402674326
54.1 249.663603684832
54.2 249.646432796626
54.3 249.628881146514
54.4 249.610939910008
54.5 249.592600301774
54.6 249.573853576085
54.7 249.554691027259
54.8 249.535103990117
54.9 249.515083840429
55 249.494621995363
55.1 249.473709913943
55.2 249.452339097494
55.3 249.430501090101
55.4 249.408187479058
55.5 249.385389895323
55.6 249.362100013976
55.7 249.338309554669
55.8 249.314010282082
55.9 249.28919400638
56 249.263852583667
56.1 249.237977916442
56.2 249.211561954054
56.3 249.184596693155
56.4 249.157074178161
56.5 249.1289865017
56.6 249.100325805071
56.7 249.071084278694
56.8 249.041254162571
56.9 249.010827746731
57 248.979797371686
57.1 248.948155428884
57.2 248.915894361158
57.3 248.883006663178
57.4 248.849484881897
57.5 248.815321617005
57.6 248.780509521369
57.7 248.745041301485
57.8 248.708909717921
57.9 248.672107585758
58 248.634627775037
58.1 248.596463211194
58.2 248.557606875505
58.3 248.518051805519
58.4 248.477791095495
58.5 248.436817896839
58.6 248.39512541853
58.7 248.352706927558
58.8 248.309555749345
58.9 248.265665268176
59 248.221028927621
59.1 248.175640230958
59.2 248.129492741591
59.3 248.082580083467
59.4 248.034895941493
59.5 247.986434061945
59.6 247.937188252879
59.7 247.887152384537
59.8 247.836320389751
59.9 247.784686264346
60 247.732244067535
60.1 247.678987922314
60.2 247.624912015856
60.3 247.570010599901
60.4 247.514277991138
60.5 247.457708571586
60.6 247.400296788981
60.7 247.34203715714
60.8 247.282924256342
60.9 247.222952733691
61 247.162117303483
61.1 247.100412747565
61.2 247.037833915691
61.3 246.974375725878
61.4 246.910033164752
61.5 246.844801287892
61.6 246.778675220176
61.7 246.711650156109
61.8 246.643721360163
61.9 246.5748841671
62 246.505133982297
62.1 246.434466282064
62.2 246.362876613957
62.3 246.290360597093
62.4 246.216913922448
62.5 246.14253235316
62.6 246.067211724825
62.7 245.990947945787
62.8 245.913736997422
62.9 245.835574934419
63 245.756457885057
63.1 245.67638205147
63.2 245.595343709919
63.3 245.513339211044
63.4 245.430364980125
63.5 245.346417517324
63.6 245.261493397935
63.7 245.175589272615
63.8 245.088701867622
63.9 245.000827985037
64 244.911964502987
64.1 244.82210837586
64.2 244.731256634512
64.3 244.639406386474
64.4 244.546554816146
64.5 244.452699184987
64.6 244.357836831708
64.7 244.261965172441
64.8 244.165081700918
64.9 244.06718398864
65 243.968269685031
65.1 243.868336517598
65.2 243.767382292075
65.3 243.665404892568
65.4 243.562402281689
65.5 243.458372500685
65.6 243.353313669559
65.7 243.247223987188
65.8 243.140101731429
65.9 243.031945259228
66 242.922753006707
66.1 242.81252348926
66.2 242.701255301634
66.3 242.588947118003
66.4 242.475597692039
66.5 242.361205856973
66.6 242.245770525652
66.7 242.129290690583
66.8 242.011765423982
66.9 241.8931938778
67 241.773575283759
67.1 241.652908953367
67.2 241.531194277931
67.3 241.408430728569
67.4 241.284617856205
67.5 241.159755291563
67.6 241.033842745154
67.7 240.90688000725
67.8 240.778866947859
67.9 240.649803516689
68 240.519689743102
68.1 240.388525736067
68.2 240.256311684099
68.3 240.123047855199
68.4 239.988734596777
68.5 239.853372335579
68.6 239.716961577594
68.7 239.579502907966
68.8 239.440996990891
68.9 239.30144456951
69 239.160846465792
69.1 239.019203580414
69.2 238.876516892632
69.3 238.732787460141
69.4 238.588016418935
69.5 238.442204983154
69.6 238.295354444925
69.7 238.147466174198
69.8 237.998541618572
69.9 237.848582303119
70 237.697589830191
70.1 237.545565879231
70.2 237.39251220657
70.3 237.238430645218
70.4 237.083323104652
70.5 236.927191570587
70.6 236.770038104754
70.7 236.611864844661
70.8 236.452674003346
70.9 236.292467869133
71 236.131248805367
71.1 235.969019250158
71.2 235.805781716104
71.3 235.641538790015
71.4 235.476293132627
71.5 235.310047478314
71.6 235.142804634785
71.7 234.97456748278
71.8 234.805338975762
71.9 234.635122139593
72 234.463920072212
72.1 234.291735943304
72.2 234.118572993959
72.3 233.94443453633
72.4 233.76932395328
72.5 233.593244698026
72.6 233.416200293773
72.7 233.238194333346
72.8 233.059230478812
72.9 232.879312461099
73 232.698444079602
73.1 232.516629201797
73.2 232.33387176283
73.3 232.150175765116
73.4 231.965545277927
73.5 231.779984436965
73.6 231.593497443948
73.7 231.40608856617
73.8 231.217762136071
73.9 231.02852255079
74 230.838374271722
74.1 230.647321824061
74.2 230.455369796344
74.3 230.262522839984
74.4 230.068785668803
74.5 229.874163058558
74.6 229.678659846455
74.7 229.482280930672
74.8 229.285031269863
74.9 229.086915882664
75 228.887939847193
75.1 228.688108300546
75.2 228.487426438285
75.3 228.285899513923
75.4 228.083532838406
75.5 227.88033177959
75.6 227.676301761709
75.7 227.471448264844
75.8 227.265776824385
75.9 227.059293030492
76 226.852002527543
76.1 226.643911013591
76.2 226.435024239803
76.3 226.225348009909
76.4 226.014888179633
76.5 225.803650656132
76.6 225.591641397423
76.7 225.378866411813
76.8 225.165331757319
76.9 224.951043541091
77 224.736007918822
77.1 224.52023109417
77.2 224.303719318158
77.3 224.086478888586
77.4 223.868516149436
77.5 223.649837490266
77.6 223.430449345611
77.7 223.210358194379
77.8 222.98957055924
77.9 222.768093006017
78 222.545932143071
78.1 222.323094620687
78.2 222.099587130452
78.3 221.87541640464
78.4 221.650589215584
78.5 221.425112375054
78.6 221.198992733628
78.7 220.972237180066
78.8 220.744852640674
78.9 220.516846078677
79 220.288224493581
79.1 220.058994920539
79.2 219.829164429709
79.3 219.598740125624
79.4 219.367729146542
79.5 219.13613866381
79.6 218.903975881222
79.7 218.67124803437
79.8 218.437962390004
79.9 218.204126245386
80 217.969746927641
80.1 217.734831793111
80.2 217.499388226708
80.3 217.263423641266
80.4 217.026945476889
80.5 216.789961200303
80.6 216.552478304212
80.7 216.314504306639
80.8 216.076046750282
80.9 215.837113201864
81 215.597711251482
81.1 215.357848511956
81.2 215.117532618183
81.3 214.876771226485
81.4 214.635572013961
81.5 214.39394267784
81.6 214.151890934832
81.7 213.909424520482
81.8 213.666551188522
81.9 213.423278710228
82 213.179614873775
82.1 212.93556748359
82.2 212.691144359715
82.3 212.446353337162
82.4 212.201202265275
82.5 211.955699007089
82.6 211.709851438693
82.7 211.463667448597
82.8 211.217154937094
82.9 210.97032181563
83 210.72317600617
83.1 210.475725440571
83.2 210.227978059955
83.3 209.979941814083
83.4 209.731624660728
83.5 209.48303456506
83.6 209.234179499021
83.7 208.985067440712
83.8 208.735706373774
83.9 208.486104286783
84 208.23626917263
84.1 207.986209027922
84.2 207.735931852374
84.3 207.485445648204
84.4 207.23475841954
84.5 206.983878171816
84.6 206.732812911185
84.7 206.481570643922
84.8 206.230159375839
84.9 205.978587111702
85 205.726861854643
85.1 205.474991605587
85.2 205.222984362676
85.3 204.970848120693
85.4 204.718590870495
85.5 204.46622059845
85.6 204.213745285873
85.7 203.961172908463
85.8 203.708511435759
85.9 203.455768830576
86 203.202953048466
86.1 202.950072037172
86.2 202.697133736086
86.3 202.444146075713
86.4 202.191116977141
86.5 201.938054351509
86.6 201.684966099486
86.7 201.431860110748
86.8 201.178744263462
86.9 200.925626423772
87 200.672514445295
87.1 200.419416168613
87.2 200.166339420775
87.3 199.913292014803
87.4 199.660281749194
87.5 199.407316407444
87.6 199.154403757556
87.7 198.901551551567
87.8 198.648767525072
87.9 198.396059396757
88 198.143434867934
88.1 197.89090162208
88.2 197.638467324382
88.3 197.386139621289
88.4 197.133926140062
88.5 196.881834488333
88.6 196.629872253674
88.7 196.378047003157
88.8 196.126366282934
88.9 195.87483761781
89 195.623468510828
89.1 195.372266442856
89.2 195.121238872178
89.3 194.870393234094
89.4 194.619736940519
89.5 194.369277379593
89.6 194.119021915289
89.7 193.868977887035
89.8 193.619152609332
89.9 193.369553371382
90 193.120187436721
90.1 192.871062042855
90.2 192.622184400903
90.3 192.373561695242
90.4 192.125201083161
90.5 191.877109694518
90.6 191.629294631402
90.7 191.3817629678
90.8 191.134521749271
90.9 190.887577992619
91 190.640938685584
91.1 190.394610786521
91.2 190.148601224097
91.3 189.902916896992
91.4 189.657564673596
91.5 189.41255139172
91.6 189.16788385831
91.7 188.923568849167
91.8 188.679613108664
91.9 188.436023349483
92 188.192806252344
92.1 187.949968465744
92.2 187.707516605703
92.3 187.46545725551
92.4 187.22379696548
92.5 186.982542252714
92.6 186.741699600859
92.7 186.50127545988
92.8 186.261276245835
92.9 186.021708340654
93 185.782578091922
93.1 185.543891812669
93.2 185.305655781167
93.3 185.067876240724
93.4 184.830559399493
93.5 184.593711430282
93.6 184.357338470362
93.7 184.121446621293
93.8 183.886041948744
93.9 183.651130482324
94 183.416718215412
94.1 183.182811105003
94.2 182.949415071542
94.3 182.716535998781
94.4 182.484179733626
94.5 182.252352085996
94.6 182.021058828687
94.7 181.790305697239
94.8 181.560098389804
94.9 181.330442567031
95 181.101343851935
95.1 180.872807829794
95.2 180.644840048032
95.3 180.417446016118
95.4 180.190631205462
95.5 179.964401049322
95.6 179.738760942708
95.7 179.513716242302
95.8 179.289272266365
95.9 179.065434294667
96 178.84220756841
96.1 178.619597290155
96.2 178.397608623763
96.3 178.176246694327
96.4 177.955516588117
96.5 177.73542335253
96.6 177.515971996037
96.7 177.297167488141
96.8 177.079014759333
96.9 176.861518701061
97 176.64468416569
97.1 176.428515966481
97.2 176.213018877559
97.3 175.998197633899
97.4 175.784056931303
97.5 175.57060142639
97.6 175.357835736588
97.7 175.145764440122
97.8 174.934392076022
97.9 174.723723144114
98 174.513762105035
98.1 174.304513380233
98.2 174.095981351988
98.3 173.888170363421
98.4 173.681084718518
98.5 173.47472868215
98.6 173.269106480103
98.7 173.064222299102
98.8 172.860080286851
98.9 172.656684552062
99 172.4540391645
99.1 172.252148155023
99.2 172.05101551563
99.3 171.850645199506
99.4 171.651041121077
99.5 171.452207156067
99.6 171.25414714155
99.7 171.056864876017
99.8 170.860364119435
99.9 170.664648593318
100 170.469721980793
