0 200
0.1 199.431112290964
0.2 198.864402953393
0.3 198.299886289691
0.4 197.737561297789
0.5 197.177426915237
0.6 196.619482019645
0.7 196.063725429134
0.8 195.510155902782
0.9 194.958772141078
1 194.40957278637
1.1 193.862556423326
1.2 193.317721579383
1.3 192.775066725209
1.4 192.234590275157
1.5 191.696290587731
1.6 191.160165966043
1.7 190.626214658277
1.8 190.09443485815
1.9 189.56482470538
2 189.037382286151
2.1 188.512105633578
2.2 187.988992728173
2.3 187.468041498316
2.4 186.949249820724
2.5 186.432615520915
2.6 185.918136373684
2.7 185.405810103569
2.8 184.895634385325
2.9 184.387606844392
3 183.881725057367
3.1 183.377986552477
3.2 182.876388810049
3.3 182.376929262982
3.4 181.879605297219
3.5 181.384414252219
3.6 180.891353421427
3.7 180.400420052746
3.8 179.911611349011
3.9 179.424924468454
4 178.940356525179
4.1 178.457904589633
4.2 177.977565689069
4.3 177.499336808022
4.4 177.023214888775
4.5 176.549196831825
4.6 176.077279496354
4.7 175.60745970069
4.8 175.139734222779
4.9 174.674099800644
5 174.210553132852
5.1 173.749090878977
5.2 173.289709660059
5.3 172.832406059068
5.4 172.377176621363
5.5 171.924017855148
5.6 171.472926231932
5.7 171.023898186985
5.8 170.576930119791
5.9 170.132018394503
6 169.689159340393
6.1 169.248349252307
6.2 168.809584391108
6.3 168.372860984129
6.4 167.938175225615
6.5 167.50552327717
6.6 167.074901268199
6.7 166.646305296349
6.8 166.21973142795
6.9 165.795175698447
7 165.372634112845
7.1 164.952102646133
7.2 164.533577243725
7.3 164.117053821883
7.4 163.702528268151
7.5 163.289996441777
7.6 162.879454174141
7.7 162.470897269171
7.8 162.064321503772
7.9 161.659722628236
8 161.257096366664
8.1 160.856438417375
8.2 160.45774445332
8.3 160.06101012249
8.4 159.666231048326
8.5 159.273402830119
8.6 158.882521043417
8.7 158.493581240422
8.8 158.106578950389
8.9 157.721509680021
9 157.338368913862
9.1 156.957152114689
9.2 156.577854723897
9.3 156.200472161887
9.4 155.824999828447
9.5 155.451433103135
9.6 155.079767345656
9.7 154.709997896237
9.8 154.342120075998
9.9 153.976129187326
10 153.612020514242
10.1 153.249789322761
10.2 152.889430861261
10.3 152.530940360839
10.4 152.174313035667
10.5 151.819544083351
10.6 151.466628685275
10.7 151.115562006958
10.8 150.766339198394
10.9 150.418955394397
11 150.073405714942
11.1 149.729685265504
11.2 149.387789137389
11.3 149.047712408071
11.4 148.709450141517
11.5 148.372997388515
11.6 148.038349186998
11.7 147.705500562366
11.8 147.3744465278
11.9 147.045182084581
12 146.717702222401
12.1 146.39200191967
12.2 146.068076143826
12.3 145.745919851637
12.4 145.425527989499
12.5 145.106895493739
12.6 144.790017290906
12.7 144.474888298063
12.8 144.161503423077
12.9 143.849857564906
13 143.53994561388
13.1 143.231762451984
13.2 142.92530295313
13.3 142.620561983439
13.4 142.317534401505
13.5 142.016215058671
13.6 141.716598799287
13.7 141.418680460977
13.8 141.122454874899
13.9 140.827916866001
14 140.535061253274
14.1 140.243882850004
14.2 139.954376464019
14.3 139.666536897937
14.4 139.380358949405
14.5 139.095837411338
14.6 138.812967072161
14.7 138.531742716035
14.8 138.252159123092
14.9 137.974211069663
15 137.6978933285
15.1 137.423200669001
15.2 137.150127857429
15.3 136.878669657123
15.4 136.608820828719
15.5 136.340576130356
15.6 136.073930317884
15.7 135.808878145069
15.8 135.545414363796
15.9 135.283533724266
16 135.023230975197
16.1 134.764500864009
16.2 134.507338137025
16.3 134.251737539652
16.4 133.997693816565
16.5 133.745201711897
16.6 133.494255969411
16.7 133.244851332679
16.8 132.996982545259
16.9 132.750644350863
17 132.505831493526
17.1 132.262538717774
17.2 132.020760768785
17.3 131.780492392549
17.4 131.541728336029
17.5 131.304463347313
17.6 131.068692175769
17.7 130.834409572193
17.8 130.601610288956
17.9 130.37028908015
18 130.140440701731
18.1 129.912059911654
18.2 129.685141470015
18.3 129.459680139182
18.4 129.235670683928
18.5 129.01310787156
18.6 128.791986472045
18.7 128.572301258135
18.8 128.354047005489
18.9 128.13721849279
19 127.921810501865
19.1 127.707817817796
19.2 127.495235229035
19.3 127.284057527509
19.4 127.074279508733
19.5 126.865895971908
19.6 126.65890172003
19.7 126.453291559983
19.8 126.249060302643
19.9 126.046202762968
20 125.844713760094
20.1 125.644588117423
20.2 125.445820662717
20.3 125.248406228175
20.4 125.052339650524
20.5 124.8576157711
20.6 124.664229435923
20.7 124.472175495779
20.8 124.281448806291
20.9 124.092044227996
21 123.903956626411
21.1 123.717180872106
21.2 123.531711840767
21.3 123.347544413262
21.4 123.164673475705
21.5 122.983093919512
21.6 122.802800641463
21.7 122.623788543755
21.8 122.446052534059
21.9 122.269587525571
22 122.094388437063
22.1 121.920450192928
22.2 121.747767723232
22.3 121.576335963754
22.4 121.406149856028
22.5 121.237204347387
22.6 121.069494391001
22.7 120.903014945912
22.8 120.737760977071
22.9 120.573727455369
23 120.410909357673
23.1 120.249301666849
23.2 120.088899371799
23.3 119.929697467477
23.4 119.771690954922
23.5 119.614874841279
23.6 119.459244139814
23.7 119.304793869944
23.8 119.151519057246
23.9 118.999414733478
24 118.848475936593
24.1 118.698697710751
24.2 118.550075106331
24.3 118.402603179943
24.4 118.256276994433
24.5 118.111091618893
24.6 117.967042128665
24.7 117.824123605347
24.8 117.682331136791
24.9 117.541659817111
25 117.402104746677
25.1 117.263661032117
25.2 117.126323786312
25.3 116.990088128394
25.4 116.854949183736
25.5 116.72090208395
25.6 116.587941966878
25.7 116.456063976578
25.8 116.325263263319
25.9 116.195534983566
26 116.066874299967
26.1 115.939276381341
26.2 115.812736402657
26.3 115.687249545024
26.4 115.562810995669
26.5 115.439415947918
26.6 115.317059601179
26.7 115.195737160918
26.8 115.075443838638
26.9 114.956174851854
27 114.837925424072
27.1 114.720690784763
27.2 114.604466169334
27.3 114.489246819102
27.4 114.375027981269
27.5 114.261804908889
27.6 114.14957286084
27.7 114.038327101793
27.8 113.92806290218
27.9 113.81877553816
28 113.71046029159
28.1 113.603112449987
28.2 113.496727306492
28.3 113.391300159839
28.4 113.286826314314
28.5 113.183301079721
28.6 113.080719771341
28.7 112.979077709898
28.8 112.878370221513
28.9 112.778592637671
29 112.679740295176
29.1 112.58180853611
29.2 112.484792707795
29.3 112.388688162745
29.4 112.293490258627
29.5 112.199194358217
29.6 112.105795829356
29.7 112.013290044904
29.8 111.921672382694
29.9 111.830938225493
30 111.741082960949
30.1 111.652101981547
30.2 111.563990684562
30.3 111.476744472016
30.4 111.390358750624
30.5 111.304828931748
30.6 111.220150431354
30.7 111.136318669955
30.8 111.05332907257
30.9 110.971177068669
31 110.889858092128
31.1 110.809367581177
31.2 110.729700978351
31.3 110.650853730438
31.4 110.572821288433
31.5 110.495599107485
31.6 110.419182646846
31.7 110.343567369819
31.8 110.268748743714
31.9 110.194722239788
32 110.1214833332
32.1 110.04902750296
32.2 109.977350231875
32.3 109.906447006498
32.4 109.836313317082
32.5 109.766944657522
32.6 109.698336525308
32.7 109.630484421473
32.8 109.563383850545
32.9 109.49703032049
33 109.431419342667
33.1 109.366546431774
33.2 109.302407105799
33.3 109.238996885969
33.4 109.176311296701
33.5 109.114345865552
33.6 109.053096123167
33.7 108.992557603231
33.8 108.93272584242
33.9 108.873596380353
34 108.815164759541
34.1 108.757426525338
34.2 108.700377225896
34.3 108.644012412116
34.4 108.588327637599
34.5 108.533318458599
34.6 108.47898043398
34.7 108.425309125163
34.8 108.372300096088
34.9 108.319948913161
35 108.268251145213
35.1 108.217202363457
35.2 108.166798141439
35.3 108.117034054997
35.4 108.067905682219
35.5 108.0194086034
35.6 107.971538400996
35.7 107.924290659589
35.8 107.877660965841
35.9 107.831644908455
36 107.786238078136
36.1 107.741436067554
36.2 107.697234471299
36.3 107.65362888585
36.4 107.610614909534
36.5 107.568188142492
36.6 107.52634418664
36.7 107.485078645637
36.8 107.44438712485
36.9 107.404265231319
37 107.364708573726
37.1 107.325712762361
37.2 107.287273409092
37.3 107.249386127337
37.4 107.212046532028
37.5 107.175250239589
37.6 107.138992867903
37.7 107.103270036289
37.8 107.068077365472
37.9 107.033410477561
38 106.999264996023
38.1 106.965636545658
38.2 106.93252075258
38.3 106.899913244192
38.4 106.867809649169
38.5 106.836205597435
38.6 106.805096720144
38.7 106.774478649666
38.8 106.744347019568
38.9 106.714697464597
39 106.685525620669
39.1 106.656827124852
39.2 106.628597615355
39.3 106.600832731518
39.4 106.573528113799
39.5 106.546679403766
39.6 106.520282244089
39.7 106.494332278533
39.8 106.468825151954
39.9 106.44375651029
40 106.419122000561
40.1 106.394917270866
40.2 106.37113797038
40.3 106.347779749358
40.4 106.324838259133
40.5 106.302309152117
40.6 106.28018808181
40.7 106.2584707028
40.8 106.237152670773
40.9 106.216229642517
41 106.195697275932
41.1 106.175551230042
41.2 106.155787165003
41.3 106.136400742119
41.4 106.117387623851
41.5 106.098743473838
41.6 106.080463956909
41.7 106.062544739106
41.8 106.044981487695
41.9 106.027769871195
42 106.010905559396
42.1 105.994384223382
42.2 105.978201535556
42.3 105.962353169668
42.4 105.94683480084
42.5 105.931642105596
42.6 105.916770761891
42.7 105.902216449147
42.8 105.887974848279
42.9 105.874041641736
43 105.860412513534
43.1 105.847083149293
43.2 105.834049236278
43.3 105.821306463436
43.4 105.808850521443
43.5 105.79667710274
43.6 105.784781901585
43.7 105.773160614095
43.8 105.761808938294
43.9 105.750722574162
44 105.73989722369
44.1 105.729328590923
44.2 105.719012382024
44.3 105.708944305322
44.4 105.699120071371
44.5 105.689535393008
44.6 105.680185985412
44.7 105.671067566167
44.8 105.662175855322
44.9 105.653506575459
45 105.645055451753
45.1 105.636818212046
45.2 105.628790586909
45.3 105.620968309717
45.4 105.613347116719
45.5 105.605922747112
45.6 105.598690943114
45.7 105.591647450045
45.8 105.584788016398
45.9 105.578108393923
46 105.571604337709
46.1 105.565271606261
46.2 105.55910596159
46.3 105.553103169294
46.4 105.54725899865
46.5 105.541569222695
46.6 105.536029618323
46.7 105.530635966374
46.8 105.525384051727
46.9 105.520269663393
47 105.515288594615
47.1 105.510436642961
47.2 105.505709610427
47.3 105.501103303535
47.4 105.496613533436
47.5 105.492236116013
47.6 105.487966871987
47.7 105.483801627023
47.8 105.479736211838
47.9 105.475766462308
48 105.471888219584
48.1 105.4680973302
48.2 105.464389646188
48.3 105.460761025194
48.4 105.457207330593
48.5 105.453724431608
48.6 105.45030820343
48.7 105.446954527338
48.8 105.44365929082
48.9 105.440418387701
49 105.437227718263
49.1 105.434083189372
49.2 105.43098071461
49.3 105.4279162144
49.4 105.424885616138
49.5 105.421884854323
49.6 105.418909870692
49.7 105.415956614354
49.8 105.413021041926
49.9 105.410099117669
50 105.407186813625
50.1 105.404280109759
50.2 105.4013749941
50.3 105.398467462879
50.4 105.395553520677
50.5 105.392629180566
50.6 105.389690464256
50.7 105.386733402241
50.8 105.383754033949
50.9 105.380748407886
51 105.377712581792
51.1 105.37464262279
51.2 105.371534607537
51.3 105.368384622379
51.4 105.365188763505
51.5 105.361943137104
51.6 105.35864385952
51.7 105.355287057408
51.8 105.351868867898
51.9 105.34838543875
52 105.344832928516
52.1 105.341207506701
52.2 105.337505353928
52.3 105.333722662097
52.4 105.329855634554
52.5 105.325900486253
52.6 105.321853443923
52.7 105.317710746236
52.8 105.313468643972
52.9 105.30912340019
53 105.304671290396
53.1 105.300108602714
53.2 105.295431638054
53.3 105.290636710287
53.4 105.285720146416
53.5 105.280678286748
53.6 105.275507485067
53.7 105.270204108809
53.8 105.264764539237
53.9 105.259185171617
54 105.25346241539
54.1 105.247592694351
54.2 105.241572446828
54.3 105.235398125856
54.4 105.229066199354
54.5 105.222573150307
54.6 105.215915476942
54.7 105.209089692906
54.8 105.202092327448
54.9 105.194919925599
55 105.187569048349
55.1 105.180036272827
55.2 105.172318192487
55.3 105.164411417282
55.4 105.156312573849
55.5 105.148018305691
55.6 105.139525273353
55.7 105.13083015461
55.8 105.121929644643
55.9 105.112820456225
56 105.1034993199
56.1 105.093962984164
56.2 105.08420821565
56.3 105.074231799307
56.4 105.06403053858
56.5 105.053601255597
56.6 105.042940791343
56.7 105.032046005849
56.8 105.020913778367
56.9 105.009541007552
57 104.997924611645
57.1 104.986061528652
57.2 104.973948716521
57.3 104.961583153327
57.4 104.948961837448
57.5 104.936081787745
57.6 104.922940043739
57.7 104.90953366579
57.8 104.895859735277
57.9 104.881915354772
58 104.867697648217
58.1 104.853203761101
58.2 104.838430860635
58.3 104.823376135929
58.4 104.80803679816
58.5 104.792410080754
58.6 104.776493239553
58.7 104.760283552987
58.8 104.74377832225
58.9 104.726974871464
59 104.709870547855
59.1 104.692462721919
59.2 104.674748787587
59.3 104.656726162399
59.4 104.638392287663
59.5 104.619744628626
59.6 104.600780674632
59.7 104.581497939292
59.8 104.561893960641
59.9 104.5419663013
60 104.521712548637
60.1 104.501130314925
60.2 104.4802172375
60.3 104.458970978915
60.4 104.437389227098
60.5 104.415469695506
60.6 104.393210123273
60.7 104.370608275367
60.8 104.347661942735
60.9 104.324368942453
61 104.300727117877
61.1 104.276734338781
61.2 104.252388501507
61.3 104.227687529105
61.4 104.202629371475
61.5 104.177212005505
61.6 104.151433435212
61.7 104.125291691876
61.8 104.098784834173
61.9 104.071910948313
62 104.044668148167
62.1 104.017054575398
62.2 103.989068399589
62.3 103.960707818369
62.4 103.931971057536
62.5 103.902856371184
62.6 103.873362041817
62.7 103.843486380472
62.8 103.813227726837
62.9 103.78258444936
63 103.751554945369
63.1 103.720137641177
63.2 103.688330992197
63.3 103.656133483043
63.4 103.623543627639
63.5 103.590559969319
63.6 103.55718108093
63.7 103.523405564931
63.8 103.489232053486
63.9 103.454659208562
64 103.419685722019
64.1 103.384310315703
64.2 103.348531741526
64.3 103.312348781563
64.4 103.275760248125
64.5 103.238764983844
64.6 103.201361861754
64.7 103.163549785363
64.8 103.125327688727
64.9 103.086694536525
65 103.047649324126
65.1 103.008191077656
65.2 102.968318854062
65.3 102.928031741174
65.4 102.887328857764
65.5 102.846209353603
65.6 102.804672409519
65.7 102.762717237441
65.8 102.720343080456
65.9 102.677549212853
66 102.634334940167
66.1 102.590699599219
66.2 102.54664255816
66.3 102.502163216503
66.4 102.457261005159
66.5 102.411935386469
66.6 102.366185854228
66.7 102.32001193372
66.8 102.27341318173
66.9 102.226389186576
67 102.178939568117
67.1 102.131063977778
67.2 102.082762098553
67.3 102.034033645021
67.4 101.984878363353
67.5 101.935296031314
67.6 101.885286458266
67.7 101.834849485167
67.8 101.783984984567
67.9 101.732692860602
68 101.680973048982
68.1 101.628825516986
68.2 101.576250263437
68.3 101.523247318694
68.4 101.469816744625
68.5 101.415958634588
68.6 101.361673113401
68.7 101.306960337318
68.8 101.251820493994
68.9 101.196253802451
69 101.140260513043
69.1 101.083840907414
69.2 101.026995298454
69.3 100.969724030259
69.4 100.912027478077
69.5 100.853906048259
69.6 100.795360178206
69.7 100.73639033631
69.8 100.676997021897
69.9 100.617180765163
70 100.556942127111
70.1 100.49628169948
70.2 100.435200104677
70.3 100.373697995703
70.4 100.311776056076
70.5 100.249434999755
70.6 100.186675571053
70.7 100.123498544559
70.8 100.059904725047
70.9 99.9958949473844
71 99.9314700764459
71.1 99.8666310070123
71.2 99.8013786636752
71.3 99.7357140007359
71.4 99.6696380021022
71.5 99.6031516811822
71.6 99.5362560807761
71.7 99.4689522729643
71.8 99.4012413589944
71.9 99.3331244691637
72 99.264602762701
72.1 99.1956774276443
72.2 99.1263496807169
72.3 99.0566207672004
72.4 98.9864919608052
72.5 98.915964563539
72.6 98.845039905572
72.7 98.7737193451002
72.8 98.7020042682059
72.9 98.6298960887159
73 98.5573962480573
73.1 98.4845062151107
73.2 98.411227486061
73.3 98.3375615842459
73.4 98.2635100600023
73.5 98.1890744905096
73.6 98.1142564796315
73.7 98.0390576577551
73.8 97.9634796816274
73.9 97.8875242341905
74 97.8111930244133
74.1 97.7344877871221
74.2 97.6574102828282
74.3 97.579962297554
74.4 97.5021456426561
74.5 97.4239621546473
74.6 97.3454136950156
74.7 97.2665021500416
74.8 97.1872294306138
74.9 97.1075974720418
75 97.0276082338672
75.1 96.9472636996735
75.2 96.8665658768925
75.3 96.7855167966105
75.4 96.704118513371
75.5 96.622373104977
75.6 96.54028267229
75.7 96.4578493390287
75.8 96.3750752515645
75.9 96.291962578716
76 96.2085135115421
76.1 96.1247302631323
76.2 96.0406150683963
76.3 95.9561701838519
76.4 95.8713978874103
76.5 95.7863004781611
76.6 95.7008802761552
76.7 95.6151396221857
76.8 95.5290808775681
76.9 95.4427064239188
77 95.3560186629315
77.1 95.2690200161534
77.2 95.1817129247592
77.3 95.0940998493236
77.4 95.0061832695935
77.5 94.9179656842574
77.6 94.8294496107154
77.7 94.7406375848464
77.8 94.6515321607748
77.9 94.5621359106362
78 94.4724514243414
78.1 94.3824813093405
78.2 94.2922281903841
78.3 94.2016947092853
78.4 94.1108835246797
78.5 94.0197973117846
78.6 93.9284387621577
78.7 93.8368105834545
78.8 93.7449154991844
78.9 93.6527562484676
79 93.5603355857894
79.1 93.4676562807544
79.2 93.374721117841
79.3 93.2815328961531
79.4 93.1880944291736
79.5 93.0944085445149
79.6 93.000478083671
79.7 92.9063059017672
79.8 92.8118948673109
79.9 92.7172478619402
80 92.622367780174
80.1 92.5272575291599
80.2 92.4319200284229
80.3 92.3363582096132
80.4 92.2405750162542
80.5 92.1445734034891
80.6 92.048356337829
80.7 91.9519267968989
80.8 91.8552877691851
80.9 91.7584422537817
81 91.6613932601366
81.1 91.5641438077985
81.2 91.4666969261631
81.3 91.3690556542191
81.4 91.2712230402951
81.5 91.1732021418056
81.6 91.0749960249979
81.7 90.9766077646983
81.8 90.8780404440593
81.9 90.7792971543063
82 90.6803809944848
82.1 90.5812950712081
82.2 90.4820424984046
82.3 90.3826263970661
82.4 90.2830498949961
82.5 90.1833161265586
82.6 90.0834282324269
82.7 89.9833893593338
82.8 89.883202659821
82.9 89.7828712919901
83 89.6823984192533
83.1 89.5817872100853
83.2 89.4810408377754
83.3 89.3801624801803
83.4 89.2791553194776
83.5 89.1780225419198
83.6 89.0767673375893
83.7 88.9753929001541
83.8 88.8739024266239
83.9 88.772299117107
84 88.6705861745688
84.1 88.5687668045902
84.2 88.4668442151274
84.3 88.3648216162722
84.4 88.2627022200138
84.5 88.1604892400011
84.6 88.0581858913059
84.7 87.9557953901876
84.8 87.8533209538587
84.9 87.7507658002506
85 87.6481331477819
85.1 87.5454262151269
85.2 87.4426482209852
85.3 87.3398023838526
85.4 87.2368919217937
85.5 87.1339200522146
85.6 87.0308899916377
85.7 86.9278049554779
85.8 86.8246681578187
85.9 86.7214828111915
86 86.6182521263548
86.1 86.5149793120753
86.2 86.4116675749099
86.3 86.3083201189901
86.4 86.2049401458067
86.5 86.101530853996
86.6 85.9980954391285
86.7 85.8946370934978
86.8 85.7911590059118
86.9 85.6876643614846
87 85.5841563414311
87.1 85.4806381228618
87.2 85.3771128785802
87.3 85.2735837768809
87.4 85.1700539813504
87.5 85.066526650668
87.6 84.9630049384097
87.7 84.8594919928529
87.8 84.7559909567833
87.9 84.6525049673027
88 84.5490371556391
88.1 84.4455906469589
88.2 84.3421685601791
88.3 84.2387740077832
88.4 84.1354100956378
88.5 84.0320799228111
88.6 83.9287865813928
88.7 83.8255331563167
88.8 83.7223227251843
88.9 83.6191583580902
89 83.5160431174498
89.1 83.4129800578282
89.2 83.3099722257715
89.3 83.2070226596396
89.4 83.1041343894409
89.5 83.0013104366686
89.6 82.8985538141395
89.7 82.7958675258342
89.8 82.6932545667389
89.9 82.5907179226901
90 82.4882605702198
90.1 82.3858854764037
90.2 82.283595598711
90.3 82.1813938848558
90.4 82.0792832726506
90.5 81.9772666898623
90.6 81.8753470540689
90.7 81.7735272725191
90.8 81.6718102419939
90.9 81.570198848669
91 81.4686959679808
91.1 81.3673044644929
91.2 81.2660271917653
91.3 81.1648669922254
91.4 81.063826697041
91.5 80.9629091259948
91.6 80.8621170873619
91.7 80.7614533777881
91.8 80.6609207821705
91.9 80.5605220735408
92 80.4602600129494
92.1 80.3601373493526
92.2 80.2601568195005
92.3 80.160321147828
92.4 80.0606330463474
92.5 79.9610952145422
92.6 79.8617103392642
92.7 79.7624810946317
92.8 79.6634101419294
92.9 79.5645001295112
93 79.4657536927039
93.1 79.3671734537136
93.2 79.2687620215337
93.3 79.1705219918548
93.4 79.0724559469768
93.5 78.9745664557227
93.6 78.876856073354
93.7 78.7793273414891
93.8 78.6819827880219
93.9 78.5848249270443
94 78.4878562587687
94.1 78.3910792694538
94.2 78.2944964313318
94.3 78.1981102025366
94.4 78.101923027036
94.5 78.0059373345631
94.6 77.910155540552
94.7 77.8145800460735
94.8 77.7192132377737
94.9 77.6240574878142
95 77.5291151538139
95.1 77.4343885787926
95.2 77.3398800911168
95.3 77.2455920044471
95.4 77.1515266176872
95.5 77.0576862149345
95.6 76.9640730654334
95.7 76.8706894235294
95.8 76.7775375286249
95.9 76.6846196051382
96 76.5919378624618
96.1 76.4994944949245
96.2 76.4072916817546
96.3 76.3153315870441
96.4 76.2236163597156
96.5 76.1321481334898
96.6 76.040929026856
96.7 75.9499611430429
96.8 75.8592465699917
96.9 75.7687873803312
97 75.6785856313534
97.1 75.5886433649916
97.2 75.4989626078
97.3 75.4095453709344
97.4 75.3203936501351
97.5 75.2315094257104
97.6 75.1428946625228
97.7 75.0545513099759
97.8 74.9664813020029
97.9 74.878686557057
98 74.7911689781025
98.1 74.7039304526087
98.2 74.6169728525434
98.3 74.5302980343695
98.4 74.443907839042
98.5 74.3578040920072
98.6 74.2719886032021
98.7 74.1864631670566
98.8 74.1012295624959
98.9 74.0162895529452
99 73.9316448863344
99.1 73.8472972951059
99.2 73.7632484962223
99.3 73.6795001911755
99.4 73.5960540659981
99.5 73.5129117912749
99.6 73.4300750221559
99.7 73.3475453983715
99.8 73.2653245442471
99.9 73.1834140687206
100 73.1018155653602
