0 1000
0.1 996.95937378861
0.2 993.930982107293
0.3 990.914900160612
0.4 987.911117187157
0.5 984.919622108849
0.6 981.940403533662
0.7 978.973449758353
0.8 976.018748771195
0.9 973.076288254721
1 970.146055588473
1.1 967.228037851753
1.2 964.322221826388
1.3 961.428593999486
1.4 958.547140566209
1.5 955.677847432544
1.6 952.820700218076
1.7 949.975684258772
1.8 947.142784609754
1.9 944.321986048088
2 941.51327307557
2.1 938.716629921506
2.2 935.932040545507
2.3 933.159488640272
2.4 930.398957634379
2.5 927.650430695071
2.6 924.913890731049
2.7 922.189320395253
2.8 919.476702087651
2.9 916.776017958023
3 914.087249908742
3.1 911.410379597558
3.2 908.745388440369
3.3 906.092257614001
3.4 903.450968058975
3.5 900.821500482279
3.6 898.203835360125
3.7 895.597952940716
3.8 893.003833246992
3.9 890.421456079387
4 887.850801018567
4.1 885.291847428173
4.2 882.744574457551
4.3 880.208961044479
4.4 877.68498591789
4.5 875.172627600578
4.6 872.671864411912
4.7 870.182674470529
4.8 867.70503569703
4.9 865.238925816656
5 862.784322361971
5.1 860.341202675522
5.2 857.909543912501
5.3 855.489323043391
5.4 853.080516856606
5.5 850.683101961123
5.6 848.297054789098
5.7 845.922351598481
5.8 843.558968475613
5.9 841.206881337818
6 838.866065935977
6.1 836.536497857101
6.2 834.218152526888
6.3 831.911005212264
6.4 829.615031023921
6.5 827.330204918837
6.6 825.056501702788
6.7 822.793896032845
6.8 820.54236241986
6.9 818.301875230938
7 816.072408691901
7.1 813.85393688973
7.2 811.646433775006
7.3 809.449873164326
7.4 807.264228742712
7.5 805.089474066007
7.6 802.925582563253
7.7 800.772527539059
7.8 798.630282175954
7.9 796.498819536723
8 794.378112566731
8.1 792.268134096235
8.2 790.168856842676
8.3 788.080253412958
8.4 786.002296305717
8.5 783.934957913568
8.6 781.878210525337
8.7 779.832026328287
8.8 777.796377410316
8.9 775.771235762149
9 773.756573279508
9.1 771.752361765274
9.2 769.75857293162
9.3 767.775178402146
9.4 765.802149713981
9.5 763.839458319879
9.6 761.887075590296
9.7 759.944972815449
9.8 758.013121207363
9.9 756.091491901897
10 754.180055960757
10.1 752.278784373487
10.2 750.387648059451
10.3 748.506617869793
10.4 746.63566458938
10.5 744.774758938732
10.6 742.923871575933
10.7 741.08297309852
10.8 739.252034045367
10.9 737.43102489854
11 735.619916085142
11.1 733.818677979134
11.2 732.02728090315
11.3 730.245695130285
11.4 728.473890885868
11.5 726.711838349219
11.6 724.95950765539
11.7 723.216868896886
11.8 721.483892125371
11.9 719.760547353351
12 718.046804555851
12.1 716.342633672062
12.2 714.648004606978
12.3 712.962887233016
12.4 711.287251391613
12.5 709.621066894812
12.6 707.964303526826
12.7 706.316931045586
12.8 704.678919184274
12.9 703.050237652836
13 701.430856139475
13.1 699.820744312135
13.2 698.219871819958
13.3 696.628208294732
13.4 695.045723352314
13.5 693.472386594043
13.6 691.908167608129
13.7 690.353035971032
13.8 688.806961248816
13.9 687.269912998494
14 685.741860769346
14.1 684.22277410423
14.2 682.712622540869
14.3 681.211375613128
14.4 679.719002852259
14.5 678.235473788152
14.6 676.760757950545
14.7 675.29482487024
14.8 673.83764408028
14.9 672.389185117126
15 670.949417521811
15.1 669.518310841075
15.2 668.095834628488
15.3 666.681958445557
15.4 665.276651862807
15.5 663.879884460856
15.6 662.491625831473
15.7 661.111845578612
15.8 659.740513319441
15.9 658.377598685337
16 657.023071322888
16.1 655.676900894859
16.2 654.339057081154
16.3 653.009509579757
16.4 651.688228107661
16.5 650.375182401772
16.6 649.070342219807
16.7 647.773677341177
16.8 646.485157567845
16.9 645.204752725175
17 643.932432662767
17.1 642.668167255275
17.2 641.411926403203
17.3 640.163680033695
17.4 638.923398101311
17.5 637.691050588779
17.6 636.466607507737
17.7 635.250038899461
17.8 634.041314835578
17.9 632.840405418759
18 631.64728078341
18.1 630.461911096334
18.2 629.284266557384
18.3 628.114317400109
18.4 626.952033892374
18.5 625.797386336975
18.6 624.650345072233
18.7 623.51088047258
18.8 622.378962949126
18.9 621.254562950217
19 620.137650961976
19.1 619.028197508833
19.2 617.926173154037
19.3 616.831548500159
19.4 615.744294189582
19.5 614.664380904976
19.6 613.591779369756
19.7 612.526460348536
19.8 611.468394647564
19.9 610.417553115143
20 609.373906642045
20.1 608.337426161907
20.2 607.308082651619
20.3 606.285847131694
20.4 605.270690666632
20.5 604.26258436527
20.6 603.261499381112
20.7 602.267406912662
20.8 601.280278203734
20.9 600.300084543751
21 599.326797268038
21.1 598.360387758098
21.2 597.400827441878
21.3 596.448087794028
21.4 595.502140336141
21.5 594.562956636988
21.6 593.63050831274
21.7 592.704767027177
21.8 591.785704491892
21.9 590.873292466476
22 589.967502758701
22.1 589.068307224686
22.2 588.175677769055
22.3 587.289586345089
22.4 586.410004954855
22.5 585.536905649342
22.6 584.670260528578
22.7 583.81004174173
22.8 582.956221487212
22.9 582.108772012768
23 581.267665615552
23.1 580.432874642196
23.2 579.604371488875
23.3 578.782128601355
23.4 577.966118475033
23.5 577.156313654974
23.6 576.352686735934
23.7 575.555210362375
23.8 574.763857228472
23.9 573.978600078111
24 573.199411704881
24.1 572.426264952052
24.2 571.659132712552
24.3 570.89798792893
24.4 570.142803593315
24.5 569.393552747365
24.6 568.650208482207
24.7 567.912743938373
24.8 567.181132305727
24.9 566.455346823383
25 565.735360779615
25.1 565.021147511765
25.2 564.31268040614
25.3 563.609932897898
25.4 562.912878470938
25.5 562.221490657772
25.6 561.535743039397
25.7 560.855609245158
25.8 560.181062952604
25.9 559.512077887343
26 558.848627822878
26.1 558.190686580456
26.2 557.538228028892
26.3 556.891226084398
26.4 556.249654710404
26.5 555.613487917371
26.6 554.982699762604
26.7 554.357264350052
26.8 553.737155830107
26.9 553.122348399399
27 552.512816300579
27.1 551.90853382211
27.2 551.309475298035
27.3 550.715615107758
27.4 550.126927675808
27.5 549.543387471603
27.6 548.964969009211
27.7 548.3916468471
27.8 547.823395587894
27.9 547.260189878114
28 546.702004407924
28.1 546.148813910865
28.2 545.600593163591
28.3 545.057316985599
28.4 544.518960238956
28.5 543.985497828018
28.6 543.456904699154
28.7 542.933155840461
28.8 542.414226281472
28.9 541.900091092872
29 541.3907253862
29.1 540.886104313552
29.2 540.386203067283
29.3 539.890996879706
29.4 539.400461022784
29.5 538.914570807823
29.6 538.433301585161
29.7 537.956628743861
29.8 537.484527711387
29.9 537.016973953295
30 536.553942972909
30.1 536.095410311002
30.2 535.641351545474
30.3 535.191742291023
30.4 534.746558198825
30.5 534.3057749562
30.6 533.869368286285
30.7 533.437313947704
30.8 533.009587734236
30.9 532.586165474477
31 532.167023031512
31.1 531.752136302575
31.2 531.341481218716
31.3 530.935033744461
31.4 530.532769877474
31.5 530.134665648221
31.6 529.74069711963
31.7 529.350840386751
31.8 528.965071576416
31.9 528.583366846901
32 528.205702387584
32.1 527.832054418605
32.2 527.462399190527
32.3 527.096712983996
32.4 526.7349721094
32.5 526.377152906532
32.6 526.023231744247
32.7 525.673185020131
32.8 525.326989160155
32.9 524.984620618343
33 524.646055876436
33.1 524.311271443553
33.2 523.980243855861
33.3 523.652949676238
33.4 523.329365493946
33.5 523.009467924293
33.6 522.693233608311
33.7 522.380639212423
33.8 522.071661428119
33.9 521.766276971631
34 521.464462583608
34.1 521.166195028797
34.2 520.871451095723
34.3 520.580207596371
34.4 520.292441365872
34.5 520.008129262188
34.6 519.727248165801
34.7 519.449774979407
34.8 519.175686627609
34.9 518.904960056609
35 518.637572233913
35.1 518.373500148031
35.2 518.112720808177
35.3 517.855211243983
35.4 517.600948505203
35.5 517.349909661431
35.6 517.102071801812
35.7 516.857412034769
35.8 516.615907487715
35.9 516.377535306791
36 516.142272656585
36.1 515.910096719873
36.2 515.680984697349
36.3 515.454913807371
36.4 515.231861285699
36.5 515.011804385248
36.6 514.794720375837
36.7 514.580586543946
36.8 514.369380192473
36.9 514.161078640503
37 513.955659223068
37.1 513.75309929093
37.2 513.553376210348
37.3 513.356467362864
37.4 513.16235014509
37.5 512.971001968494
37.6 512.782400259198
37.7 512.596522457776
37.8 512.413346019063
37.9 512.232848411957
38 512.055007119239
38.1 511.879799637391
38.2 511.707203476421
38.3 511.53719615969
38.4 511.369755223752
38.5 511.204858218189
38.6 511.042482705461
38.7 510.882606260752
38.8 510.725206471834
38.9 510.570260938921
39 510.417747274544
39.1 510.267643103419
39.2 510.11992606233
39.3 509.974573800013
39.4 509.831563977047
39.5 509.690874265751
39.6 509.552482350087
39.7 509.416365925571
39.8 509.282502699184
39.9 509.150870389299
40 509.021446725605
40.1 508.894209449043
40.2 508.769136311746
40.3 508.646205076986
40.4 508.525393519126
40.5 508.406679423584
40.6 508.290040586795
40.7 508.175454816188
40.8 508.062899930165
40.9 507.952353758087
41 507.843794140266
41.1 507.737198927971
41.2 507.63254598343
41.3 507.529813179847
41.4 507.428978401423
41.5 507.330019543384
41.6 507.232914512017
41.7 507.137641224714
41.8 507.044177610017
41.9 506.952501607684
42 506.862591168744
42.1 506.774424255574
42.2 506.68797884198
42.3 506.603232913277
42.4 506.520164466389
42.5 506.438751509948
42.6 506.358972064403
42.7 506.280804162136
42.8 506.204225847589
42.9 506.129215177391
43 506.055750220504
43.1 505.983809058362
43.2 505.913369785033
43.3 505.844410507378
43.4 505.776909345219
43.5 505.710844431525
43.6 505.646193912588
43.7 505.582935948225
43.8 505.521048711976
43.9 505.460510391313
44 505.401299187857
44.1 505.343393317608
44.2 505.286771011172
44.3 505.231410514007
44.4 505.17729008667
44.5 505.124388005076
44.6 505.072682560759
44.7 505.022152061153
44.8 504.972774829866
44.9 504.924529206973
45 504.877393549312
45.1 504.831346230793
45.2 504.786365642705
45.3 504.742430194045
45.4 504.699518311842
45.5 504.657608441499
45.6 504.616679047137
45.7 504.576708611947
45.8 504.537675638556
45.9 504.499558649397
46 504.462336187082
46.1 504.425986814794
46.2 504.39048911668
46.3 504.355821698251
46.4 504.321963186795
46.5 504.288892231796
46.6 504.256587505358
46.7 504.22502770264
46.8 504.194191542301
46.9 504.164057766947
47 504.134605143594
47.1 504.105812464128
47.2 504.077658545785
47.3 504.050122231632
47.4 504.023182391054
47.5 503.996817920255
47.6 503.971007742762
47.7 503.94573080994
47.8 503.920966101513
47.9 503.89669262609
48 503.872889421706
48.1 503.849535556364
48.2 503.826610128587
48.3 503.804092267978
48.4 503.781961135785
48.5 503.760195925481
48.6 503.738775863338
48.7 503.717680209025
48.8 503.696888256196
48.9 503.676379333103
49 503.6561328032
49.1 503.636128065766
49.2 503.616344556529
49.3 503.5967617483
49.4 503.57735915161
49.5 503.558116315361
49.6 503.53901282748
49.7 503.520028315574
49.8 503.501142447604
49.9 503.482334932556
50 503.463585521125
50.1 503.444874006398
50.2 503.426180224554
50.3 503.40748405556
50.4 503.388765423882
50.5 503.370004299194
50.6 503.351180697105
50.7 503.332274679878
50.8 503.313266357165
50.9 503.294135886747
51 503.274863475277
51.1 503.255429379029
51.2 503.235813904655
51.3 503.215997409947
51.4 503.195960304604
51.5 503.175683051005
51.6 503.155146164989
51.7 503.134330216634
51.8 503.113215831054
51.9 503.091783689184
52 503.070014528587
52.1 503.047889144254
52.2 503.025388389416
52.3 503.002493176356
52.4 502.979184477228
52.5 502.955443324882
52.6 502.93125081369
52.7 502.906588100382
52.8 502.881436404876
52.9 502.855777011125
53 502.82959126796
53.1 502.802860589937
53.2 502.775566458193
53.3 502.747690421297
53.4 502.719214096119
53.5 502.690119168682
53.6 502.660387395042
53.7 502.630000602145
53.8 502.598940688712
53.9 502.567189626107
54 502.534729459221
54.1 502.501542307354
54.2 502.467610365096
54.3 502.432915903221
54.4 502.397441269568
54.5 502.361168889942
54.6 502.324081269003
54.7 502.286160991163
54.8 502.247390721486
54.9 502.207753206584
55 502.167231275525
55.1 502.125807840729
55.2 502.083465898877
55.3 502.040188531816
55.4 501.995958907464
55.5 501.95076028072
55.6 501.90457599437
55.7 501.85738948
55.8 501.8091842589
55.9 501.759943942979
56 501.709652235675
56.1 501.658292932862
56.2 501.605849923765
56.3 501.552307191865
56.4 501.497648815815
56.5 501.441858970342
56.6 501.384921927166
56.7 501.326822055895
56.8 501.267543824945
56.9 501.207071802436
57 501.145390657103
57.1 501.082485159198
57.2 501.018340181388
57.3 500.952940699661
57.4 500.886271794222
57.5 500.818318650387
57.6 500.749066559481
57.7 500.678500919729
57.8 500.606607237143
57.9 500.533371126413
58 500.458778311787
58.1 500.382814627956
58.2 500.30546602093
58.3 500.226718548913
58.4 500.146558383177
58.5 500.064971808926
58.6 499.981945226164
58.7 499.897465150555
58.8 499.811518214278
58.9 499.724091166879
59 499.635170876124
59.1 499.544744328837
59.2 499.45279863174
59.3 499.359321012292
59.4 499.264298819512
59.5 499.167719524806
59.6 499.06957072279
59.7 498.969840132095
59.8 498.868515596183
59.9 498.765585084145
60 498.6610366915
60.1 498.554858640983
60.2 498.447039283331
60.3 498.337567098061
60.4 498.226430694243
60.5 498.113618811259
60.6 497.99912031957
60.7 497.88292422146
60.8 497.765019651784
60.9 497.645395878702
61 497.524042304413
61.1 497.400948465873
61.2 497.276104035509
61.3 497.14949882193
61.4 497.021122770622
61.5 496.89096596464
61.6 496.759018625288
61.7 496.625271112796
61.8 496.489713926984
61.9 496.352337707916
62 496.213133236553
62.1 496.072091435388
62.2 495.929203369077
62.3 495.78446024506
62.4 495.637853414169
62.5 495.489374371235
62.6 495.339014755677
62.7 495.186766352082
62.8 495.032621090782
62.9 494.876571048413
63 494.718608448469
63.1 494.558725661842
63.2 494.396915207355
63.3 494.233169752283
63.4 494.067482112861
63.5 493.899845254787
63.6 493.730252293708
63.7 493.558696495697
63.8 493.385171277721
63.9 493.209670208098
64 493.032187006935
64.1 492.852715546567
64.2 492.671249851971
64.3 492.487784101183
64.4 492.302312625688
64.5 492.114829910807
64.6 491.925330596075
64.7 491.733809475596
64.8 491.540261498396
64.9 491.344681768757
65 491.147065546543
65.1 490.947408247514
65.2 490.745705443619
65.3 490.541952863287
65.4 490.336146391703
65.5 490.128282071063
65.6 489.918356100825
65.7 489.706364837944
65.8 489.492304797097
65.9 489.276172650883
66 489.057965230029
66.1 488.837679523565
66.2 488.615312678996
66.3 488.390862002454
66.4 488.164324958847
66.5 487.935699171977
66.6 487.704982424664
66.7 487.472172658843
66.8 487.237267975649
66.9 487.000266635493
67 486.761167058124
67.1 486.519967822668
67.2 486.276667667667
67.3 486.031265491089
67.4 485.783760350338
67.5 485.534151462241
67.6 485.282438203024
67.7 485.028620108272
67.8 484.772696872875
67.9 484.514668350966
68 484.254534555834
68.1 483.992295659832
68.2 483.727951994265
68.3 483.461504049265
68.4 483.192952473657
68.5 482.9222980748
68.6 482.649541818423
68.7 482.374684828446
68.8 482.097728386777
68.9 481.818673933107
69 481.537523064686
69.1 481.25427753608
69.2 480.968939258919
69.3 480.68151030163
69.4 480.391992889156
69.5 480.100389402654
69.6 479.806702379193
69.7 479.510934511421
69.8 479.213088647228
69.9 478.913167789394
70 478.61117509522
70.1 478.307113876146
70.2 478.000987597352
70.3 477.692799877353
70.4 477.382554487569
70.5 477.070255351891
70.6 476.755906546222
70.7 476.439512298019
70.8 476.121076985804
70.9 475.800605138674
71 475.478101435791
71.1 475.153570705862
71.2 474.827017926599
71.3 474.498448224174
71.4 474.167866872652
71.5 473.835279293415
71.6 473.500691054574
71.7 473.164107870361
71.8 472.825535600517
71.9 472.484980249657
72 472.142447966628
72.1 471.797945043854
72.2 471.451477916663
72.3 471.103053162608
72.4 470.752677500766
72.5 470.400357791036
72.6 470.046101033412
72.7 469.689914367253
72.8 469.331805070534
72.9 468.971780559089
73 468.609848385841
73.1 468.246016240014
73.2 467.880291946343
73.3 467.512683464263
73.4 467.143198887091
73.5 466.771846441194
73.6 466.398634485147
73.7 466.023571508878
73.8 465.6466661328
73.9 465.267927106939
74 464.88736331004
74.1 464.504983748669
74.2 464.120797556304
74.3 463.734813992412
74.4 463.347042441516
74.5 462.957492412254
74.6 462.566173536425
74.7 462.173095568024
74.8 461.778268382269
74.9 461.381701974617
75 460.983406459773
75.1 460.58339207068
75.2 460.18166915751
75.3 459.778248186642
75.4 459.373139739624
75.5 458.96635451214
75.6 458.557903312952
75.7 458.147797062844
75.8 457.736046793553
75.9 457.322663646693
76 456.907658872666
76.1 456.491043829575
76.2 456.072829982115
76.3 455.653028900466
76.4 455.231652259179
76.5 454.808711836044
76.6 454.384219510959
76.7 453.958187264794
76.8 453.530627178237
76.9 453.101551430644
77 452.670972298876
77.1 452.238902156129
77.2 451.805353470763
77.3 451.370338805117
77.4 450.933870814324
77.5 450.495962245115
77.6 450.056625934625
77.7 449.615874809181
77.8 449.173721883096
77.9 448.730180257452
78 448.285263118878
78.1 447.838983738325
78.2 447.391355469833
78.3 446.942391749298
78.4 446.492106093229
78.5 446.040512097506
78.6 445.587623436129
78.7 445.133453859966
78.8 444.678017195498
78.9 444.221327343556
79 443.763398278059
79.1 443.304244044747
79.2 442.843878759912
79.3 442.382316609122
79.4 441.919571845948
79.5 441.455658790686
79.6 440.990591829073
79.7 440.524385411008
79.8 440.057054049264
79.9 439.588612318204
80 439.119074852488
80.1 438.64845634579
80.2 438.176771549497
80.3 437.704035271427
80.4 437.230262374527
80.5 436.755467775582
80.6 436.27966644392
80.7 435.802873400117
80.8 435.325103714698
80.9 434.846372506844
81 434.366694943098
81.1 433.886086236061
81.2 433.404561643108
81.3 432.922136465082
81.4 432.438826045009
81.5 431.954645766798
81.6 431.469611053955
81.7 430.983737368286
81.8 430.497040208612
81.9 430.009535109478
82 429.521237639868
82.1 429.032163401923
82.2 428.542328029653
82.3 428.051747187662
82.4 427.560436569869
82.5 427.068411898229
82.6 426.575688921468
82.7 426.082283413804
82.8 425.588211173689
82.9 425.093488022539
83 424.598129803477
83.1 424.102152380077
83.2 423.605571635107
83.3 423.108403469282
83.4 422.610663800021
83.5 422.112368560198
83.6 421.613533696915
83.7 421.114175170258
83.8 420.61430895208
83.9 420.113951024767
84 419.613117380027
84.1 419.111824017668
84.2 418.610086944398
84.3 418.107922172613
84.4 417.605345719204
84.5 417.102373604363
84.6 416.599021850389
84.7 416.095306480519
84.8 415.591243517739
84.9 415.086848983622
85 414.582138897162
85.1 414.077129273616
85.2 413.571836123353
85.3 413.06627545071
85.4 412.56046325285
85.5 412.054415518637
85.6 411.548148227506
85.7 411.041677348346
85.8 410.53501883839
85.9 410.028188642114
86 409.521202690134
86.1 409.014076898124
86.2 408.506827165729
86.3 407.999469375494
86.4 407.492019391798
86.5 406.984493059793
86.6 406.476906204353
86.7 405.969274629037
86.8 405.461614115046
86.9 404.953940420201
87 404.446269277926
87.1 403.938616396232
87.2 403.430997456722
87.3 402.923428113595
87.4 402.415923992658
87.5 401.908500690356
87.6 401.401173772801
87.7 400.893958774813
87.8 400.386871198973
87.9 399.879926514677
88 399.373140157213
88.1 398.86652752683
88.2 398.360103987826
88.3 397.85388486765
88.4 397.347885455997
88.5 396.842121003929
88.6 396.336606722999
88.7 395.831357784377
88.8 395.326389318001
88.9 394.821716411722
89 394.317354110471
89.1 393.813317415427
89.2 393.309621283198
89.3 392.806280625012
89.4 392.303310305918
89.5 391.800725143995
89.6 391.298539909572
89.7 390.79676932446
89.8 390.295428061188
89.9 389.794530742255
90 389.294091939389
90.1 388.794126172817
90.2 388.294647910545
90.3 387.795671567645
90.4 387.297211505557
90.5 386.799282031399
90.6 386.301897397285
90.7 385.805071799658
90.8 385.308819378626
90.9 384.813154217315
91 384.318090341229
91.1 383.823641717621
91.2 383.329822254871
91.3 382.836645801881
91.4 382.344126147473
91.5 381.8522770198
91.6 381.361112085771
91.7 380.870644950479
91.8 380.380889156643
91.9 379.891858184061
92 379.403565449074
92.1 378.916024304033
92.2 378.429248036788
92.3 377.943249870173
92.4 377.458042961516
92.5 376.973640402147
92.6 376.490055216922
92.7 376.007300363756
92.8 375.525388733166
92.9 375.044333147825
93 374.564146362121
93.1 374.084841061736
93.2 373.606429863222
93.3 373.1289253136
93.4 372.652339889959
93.5 372.176685999069
93.6 371.701975977005
93.7 371.228222088776
93.8 370.75543652797
93.9 370.283631416406
94 369.81281880379
94.1 369.343010667393
94.2 368.874218911727
94.3 368.406455368235
94.4 367.939731794996
94.5 367.474059876424
94.6 367.009451222999
94.7 366.545917370985
94.8 366.083469782171
94.9 365.622119843619
95 365.161878867416
95.1 364.702758090444
95.2 364.244768674147
95.3 363.787921704323
95.4 363.33222819091
95.5 362.877699067787
95.6 362.424345192588
95.7 361.972177346517
95.8 361.52120623418
95.9 361.071442483418
96 360.62289664515
96.1 360.175579193235
96.2 359.729500524325
96.3 359.284670957742
96.4 358.841100735353
96.5 358.398800021463
96.6 357.957778902703
96.7 357.518047387941
96.8 357.079615408191
96.9 356.642492816533
97 356.206689388044
97.1 355.772214819731
97.2 355.339078730475
97.3 354.907290660986
97.4 354.476860073761
97.5 354.047796353049
97.6 353.620108804829
97.7 353.193806656793
97.8 352.76889905833
97.9 352.345395080531
98 351.923303716186
98.1 351.502633879802
98.2 351.083394407618
98.3 350.665594057629
98.4 350.249241509624
98.5 349.834345365222
98.6 349.420914147919
98.7 349.008956303141
98.8 348.598480198305
98.9 348.189494122885
99 347.782006288482
99.1 347.376024828908
99.2 346.971557800269
99.3 346.568613181055
99.4 346.167198872243
99.5 345.767322697395
99.6 345.368992402775
99.7 344.972215657457
99.8 344.577000053455
99.9 344.183353105843
100 343.791282252893
