0 750
0.1 747.787258150282
0.2 745.583221562971
0.3 743.387945394477
0.4 741.20142363683
0.5 739.023650049337
0.6 736.854618160444
0.7 734.694321269611
0.8 732.542752449189
0.9 730.399904546309
1 728.265770184765
1.1 726.140341766918
1.2 724.02361147559
1.3 721.915571275969
1.4 719.816212917522
1.5 717.725527935904
1.6 715.643507654875
1.7 713.570143188222
1.8 711.505425441679
1.9 709.449345114855
2 707.40189270316
2.1 705.363058499738
2.2 703.332832597395
2.3 701.311204890538
2.4 699.298165077104
2.5 697.293702660503
2.6 695.297806951549
2.7 693.310467070401
2.8 691.3316719485
2.9 689.361410330506
3 687.399670776236
3.1 685.446441662602
3.2 683.501711185545
3.3 681.565467361973
3.4 679.637698031693
3.5 677.718390859345
3.6 675.80753333633
3.7 673.905112782742
3.8 672.011116349294
3.9 670.125531019237
4 668.24834361029
4.1 666.379540776553
4.2 664.519109010421
4.3 662.6670346445
4.4 660.823303853513
4.5 658.987902656205
4.6 657.160816917245
4.7 655.342032349118
4.8 653.531534514023
4.9 651.729308825755
5 649.935340551592
5.1 648.149614814166
5.2 646.372116593345
5.3 644.602830728089
5.4 642.841741918318
5.5 641.088834726768
5.6 639.344093580834
5.7 637.607502774421
5.8 635.879046469775
5.9 634.158708699318
6 632.446473367469
6.1 630.74232425246
6.2 629.046245008151
6.3 627.358219165826
6.4 625.678230135994
6.5 624.006261210176
6.6 622.342295562682
6.7 620.686316252388
6.8 619.038306224497
6.9 617.398248312298
7 615.766125238916
7.1 614.141919619046
7.2 612.52561396069
7.3 610.91719066688
7.4 609.316632037387
7.5 607.723920270432
7.6 606.13903746438
7.7 604.561965619427
7.8 602.992686639278
7.9 601.431182332816
8 599.877434415762
8.1 598.331424512321
8.2 596.793134156826
8.3 595.262544795368
8.4 593.739637787411
8.5 592.224394407407
8.6 590.716795846397
8.7 589.216823213597
8.8 587.724457537977
8.9 586.239679769837
9 584.762470782357
9.1 583.292811373152
9.2 581.830682265807
9.3 580.376064111403
9.4 578.928937490034
9.5 577.489282912313
9.6 576.057080820866
9.7 574.632311591814
9.8 573.214955536248
9.9 571.804992901686
10 570.402403873529
10.1 569.007168576492
10.2 567.619267076038
10.3 566.238679379794
10.4 564.865385438948
10.5 563.499365149652
10.6 562.140598354397
10.7 560.789064843387
10.8 559.444744355893
10.9 558.107616581606
11 556.777661161968
11.1 555.454857691493
11.2 554.139185719088
11.3 552.830624749343
11.4 551.529154243823
11.5 550.234753622346
11.6 548.947402264246
11.7 547.667079509624
11.8 546.393764660589
11.9 545.12743698249
12 543.868075705128
12.1 542.615660023963
12.2 541.370169101307
12.3 540.131582067504
12.4 538.899878022097
12.5 537.675036034989
12.6 536.457035147583
12.7 535.245854373917
12.8 534.041472701782
12.9 532.843869093835
13 531.65302248869
13.1 530.468911802007
13.2 529.291515927561
13.3 528.120813738304
13.4 526.95678408741
13.5 525.799405809318
13.6 524.648657720748
13.7 523.504518621719
13.8 522.366967296545
13.9 521.235982514826
14 520.111543032423
14.1 518.993627592423
14.2 517.882214926089
14.3 516.777283753803
14.4 515.678812785993
14.5 514.58678072405
14.6 513.50116626123
14.7 512.421948083552
14.8 511.349104870676
14.9 510.282615296769
15 509.222458031371
15.1 508.168611740232
15.2 507.12105508615
15.3 506.079766729796
15.4 505.04472533052
15.5 504.015909547151
15.6 502.993298038788
15.7 501.976869465574
15.8 500.966602489459
15.9 499.962475774956
16 498.964467989883
16.1 497.972557806089
16.2 496.986723900179
16.3 496.006944954218
16.4 495.033199656429
16.5 494.06546670188
16.6 493.103724793154
16.7 492.147952641017
16.8 491.198128965066
16.9 490.254232494375
17 489.31624196812
17.1 488.384136136201
17.2 487.457893759853
17.3 486.537493612239
17.4 485.622914479038
17.5 484.714135159026
17.6 483.811134464634
17.7 482.913891222509
17.8 482.022384274058
17.9 481.136592475979
18 480.256494700787
18.1 479.382069837327
18.2 478.513296791277
18.3 477.650154485641
18.4 476.792621861231
18.5 475.94067787714
18.6 475.094301511207
18.7 474.253471760463
18.8 473.418167641582
18.9 472.588368191307
19 471.764052466875
19.1 470.945199546434
19.2 470.13178852944
19.3 469.323798537057
19.4 468.521208712536
19.5 467.723998221595
19.6 466.932146252782
19.7 466.145632017831
19.8 465.36443475201
19.9 464.588533714457
20 463.817908188513
20.1 463.052537482035
20.2 462.292400927714
20.3 461.537477883368
20.4 460.787747732245
20.5 460.043189883298
20.6 459.303783771465
20.7 458.569508857935
20.8 457.840344630406
20.9 457.116270603333
21 456.397266318173
21.1 455.683311343614
21.2 454.974385275801
21.3 454.270467738551
21.4 453.571538383567
21.5 452.877576890628
21.6 452.188562967792
21.7 451.504476351572
21.8 450.825296807117
21.9 450.151004128377
22 449.481578138269
22.1 448.816998688826
22.2 448.157245661344
22.3 447.502298966522
22.4 446.852138544589
22.5 446.206744365434
22.6 445.566096428714
22.7 444.930174763971
22.8 444.298959430728
22.9 443.672430518591
23 443.050568147329
23.1 442.433352466961
23.2 441.820763657829
23.3 441.212781930666
23.4 440.609387526655
23.5 440.010560717487
23.6 439.416281805409
23.7 438.82653112326
23.8 438.241289034516
23.9 437.660535933308
24 437.084252244457
24.1 436.51241842348
24.2 435.945014956607
24.3 435.382022360785
24.4 434.823421183676
24.5 434.269192003652
24.6 433.719315429778
24.7 433.173772101801
24.8 432.632542690121
24.9 432.095607895763
25 431.562948450343
25.1 431.03454511603
25.2 430.510378685495
25.3 429.990429981869
25.4 429.474679858681
25.5 428.963109199799
25.6 428.455698919369
25.7 427.952429961737
25.8 427.453283301383
25.9 426.958239942832
26 426.467280920578
26.1 425.98038729899
26.2 425.497540172221
26.3 425.018720664108
26.4 424.543909928071
26.5 424.07308914701
26.6 423.606239533187
26.7 423.143342328119
26.8 422.684378802456
26.9 422.229330255856
27 421.778178016863
27.1 421.330903442776
27.2 420.887487919512
27.3 420.44791286147
27.4 420.012159711392
27.5 419.580209940216
27.6 419.152045046926
27.7 418.727646558407
27.8 418.306996029283
27.9 417.890075041766
28 417.476865205487
28.1 417.067348157342
28.2 416.661505561316
28.3 416.259319108317
28.4 415.860770516005
28.5 415.465841528614
28.6 415.074513916775
28.7 414.686769477335
28.8 414.302590033174
28.9 413.921957433021
29 413.544853551262
29.1 413.171260287754
29.2 412.801159567633
29.3 412.434533341113
29.4 412.071363583298
29.5 411.711632293977
29.6 411.355321497427
29.7 411.002413242209
29.8 410.652889600963
29.9 410.306732670205
30 409.963924570117
30.1 409.624447444341
30.2 409.288283459763
30.3 408.955414806307
30.4 408.625823696719
30.5 408.299492366352
30.6 407.976403072951
30.7 407.656538096439
30.8 407.339879738692
30.9 407.026410323329
31 406.716112195486
31.1 406.408967721597
31.2 406.104959289174
31.3 405.804069306584
31.4 405.506280202826
31.5 405.211574427309
31.6 404.919934449627
31.7 404.631342759336
31.8 404.34578186573
31.9 404.063234297616
32 403.783682603086
32.1 403.507109349298
32.2 403.233497122246
32.3 402.962828526538
32.4 402.695086185169
32.5 402.430252739299
32.6 402.168310848024
32.7 401.909243188155
32.8 401.653032453996
32.9 401.399661357115
33 401.149112626126
33.1 400.901369006462
33.2 400.656413260159
33.3 400.41422816563
33.4 400.174796517446
33.5 399.938101126118
33.6 399.704124817877
33.7 399.472850434456
33.8 399.244260832875
33.9 399.018338885224
34 398.795067478449
34.1 398.574429514139
34.2 398.356407908315
34.3 398.140985591218
34.4 397.928145507101
34.5 397.717870614022
34.6 397.510143883635
34.7 397.30494830099
34.8 397.102266864328
34.9 396.902082584878
35 396.704378486662
35.1 396.509137606295
35.2 396.31634299279
35.3 396.125977707366
35.4 395.938024823255
35.5 395.752467425514
35.6 395.569288610836
35.7 395.388471487368
35.8 395.209999174528
35.9 395.033854802824
36 394.860021513675
36.1 394.688482459239
36.2 394.519220802239
36.3 394.352219715792
36.4 394.187462383243
36.5 394.024931997999
36.6 393.864611763371
36.7 393.706484892408
36.8 393.550534607748
36.9 393.39674414146
37 393.245096734897
37.1 393.095575638548
37.2 392.948164111892
37.3 392.802845423261
37.4 392.659602849698
37.5 392.518419676829
37.6 392.379279198726
37.7 392.242164717782
37.8 392.107059544588
37.9 391.973946997811
38 391.84281040408
38.1 391.713633097866
38.2 391.586398421381
38.3 391.461089724467
38.4 391.337690364492
38.5 391.216183706259
38.6 391.096553121904
38.7 390.978781990811
38.8 390.862853699521
38.9 390.748751641654
39 390.636459217826
39.1 390.525959835579
39.2 390.417236909309
39.3 390.3102738602
39.4 390.205054116162
39.5 390.101561111775
39.6 389.999778288235
39.7 389.899689093307
39.8 389.80127698128
39.9 389.704525412925
40 389.609417855466
40.1 389.515937782542
40.2 389.42406867419
40.3 389.333794016814
40.4 389.245097303177
40.5 389.157962032386
40.6 389.072371709882
40.7 388.988309847445
40.8 388.905759963191
40.9 388.824705581581
41 388.745130233437
41.1 388.667017455954
41.2 388.590350792728
41.3 388.515113793781
41.4 388.441290015595
41.5 388.368863021147
41.6 388.297816379958
41.7 388.228133668137
41.8 388.159798468434
41.9 388.092794370303
42 388.027104969961
42.1 387.962713870463
42.2 387.899604681772
42.3 387.837761020842
42.4 387.777166511702
42.5 387.71780478555
42.6 387.659659480845
42.7 387.602714243414
42.8 387.546952726556
42.9 387.492358591155
43 387.438915505803
43.1 387.386607146919
43.2 387.335417198882
43.3 387.285329354167
43.4 387.236327313483
43.5 387.188394785922
43.6 387.141515489113
43.7 387.095673149378
43.8 387.050851501897
43.9 387.007034290878
44 386.964205269732
44.1 386.922348201253
44.2 386.881446857809
44.3 386.841485021533
44.4 386.80244648452
44.5 386.764315049032
44.6 386.727074527714
44.7 386.690708743801
44.8 386.655201531348
44.9 386.620536735455
45 386.5866982125
45.1 386.553669830382
45.2 386.521435468762
45.3 386.489979019319
45.4 386.459284386007
45.5 386.429335485315
45.6 386.400116246539
45.7 386.371610612058
45.8 386.343802537613
45.9 386.316675992596
46 386.29021496034
46.1 386.264403438421
46.2 386.239225438961
46.3 386.214664988941
46.4 386.190706130512
46.5 386.167332921322
46.6 386.144529434845
46.7 386.12227976071
46.8 386.100568005046
46.9 386.079378290825
47 386.058694758213
47.1 386.038501564929
47.2 386.018782886609
47.3 385.999522917172
47.4 385.980705869194
47.5 385.962315974295
47.6 385.944337483515
47.7 385.926754667716
47.8 385.909551817971
47.9 385.892713245973
48 385.876223284438
48.1 385.860066287527
48.2 385.844226631256
48.3 385.828688713933
48.4 385.813436956577
48.5 385.798455803363
48.6 385.78372972206
48.7 385.769243204481
48.8 385.754980766932
48.9 385.740926950671
49 385.727066322375
49.1 385.713383474603
49.2 385.699863026275
49.3 385.686489623148
49.4 385.673247938299
49.5 385.660122672621
49.6 385.647098555308
49.7 385.634160344362
49.8 385.621292827094
49.9 385.608480820636
50 385.595709172451
50.1 385.582962760856
50.2 385.570226495545
50.3 385.557485318119
50.4 385.544724202616
50.5 385.531928156052
50.6 385.519082218963
50.7 385.506171465953
50.8 385.493181006245
50.9 385.480095984237
51 385.466901580062
51.1 385.453583010156
51.2 385.440125527822
51.3 385.42651442381
51.4 385.412735026888
51.5 385.398772704428
51.6 385.384612862989
51.7 385.370240948908
51.8 385.355642448892
51.9 385.340802890617
52 385.325707843329
52.1 385.310342918444
52.2 385.294693770164
52.3 385.278746096081
52.4 385.262485637796
52.5 385.24589818154
52.6 385.228969558789
52.7 385.211685646895
52.8 385.194032369711
52.9 385.175995698224
53 385.157561651189
53.1 385.138716295764
53.2 385.119445748152
53.3 385.099736174244
53.4 385.079573790264
53.5 385.058944863415
53.6 385.037835712531
53.7 385.01623270873
53.8 384.994122276069
53.9 384.971490892202
54 384.948325089038
54.1 384.9246114534
54.2 384.900336627697
54.3 384.87548731058
54.4 384.850050257614
54.5 384.824012281946
54.6 384.797360254975
54.7 384.770081107023
54.8 384.742161828012
54.9 384.713589468131
55 384.684351138522
55.1 384.654434011945
55.2 384.623825323468
55.3 384.592512371136
55.4 384.560482516654
55.5 384.527723186069
55.6 384.494221870448
55.7 384.459966126562
55.8 384.424943577565
55.9 384.389141913676
56 384.352548892863
56.1 384.315152341525
56.2 384.276940155173
56.3 384.237900299111
56.4 384.198020809121
56.5 384.157289792142
56.6 384.115695426951
56.7 384.073225964845
56.8 384.029869730319
56.9 383.985615121744
57 383.94045061205
57.1 383.894364749395
57.2 383.847346157849
57.3 383.799383538063
57.4 383.750465667944
57.5 383.700581403328
57.6 383.649719678649
57.7 383.597869507607
57.8 383.545019983835
57.9 383.491160281566
58 383.436279656294
58.1 383.380367445434
58.2 383.323413068981
58.3 383.265406030168
58.4 383.206335916116
58.5 383.146192398488
58.6 383.084965234137
58.7 383.022644265749
58.8 382.959219422488
58.9 382.894680720635
59 382.829018264225
59.1 382.762222245676
59.2 382.694282946426
59.3 382.62519073755
59.4 382.554936080391
59.5 382.483509527175
59.6 382.410901721623
59.7 382.337103399568
59.8 382.262105389557
59.9 382.185898613458
60 382.108474087052
60.1 382.029822920633
60.2 381.949936319596
60.3 381.86880558502
60.4 381.786422114247
60.5 381.702777401463
60.6 381.617863038262
60.7 381.531670714212
60.8 381.444192217419
60.9 381.355419435076
61 381.265344354017
61.1 381.173959061256
61.2 381.08125574453
61.3 380.987226692826
61.4 380.891864296911
61.5 380.79516104985
61.6 380.697109547523
61.7 380.59770248913
61.8 380.496932677697
61.9 380.394793020564
62 380.291276529883
62.1 380.186376323095
62.2 380.080085623406
62.3 379.972397760257
62.4 379.863306169784
62.5 379.752804395278
62.6 379.640886087626
62.7 379.527545005758
62.8 379.412775017073
62.9 379.296570097876
63 379.178924333783
63.1 379.059831920144
63.2 378.939287162439
63.3 378.817284476675
63.4 378.693818389777
63.5 378.568883539962
63.6 378.442474677116
63.7 378.314586663153
63.8 378.185214472376
63.9 378.054353191817
64 377.921998021583
64.1 377.788144275179
64.2 377.652787379836
64.3 377.515922876821
64.4 377.377546421741
64.5 377.237653784841
64.6 377.096240851286
64.7 376.953303621446
64.8 376.808838211158
64.9 376.66284085199
65 376.51530789149
65.1 376.366235793427
65.2 376.215621138024
65.3 376.063460622181
65.4 375.909751059688
65.5 375.754489381427
65.6 375.597672635569
65.7 375.439297987759
65.8 375.279362721289
65.9 375.117864237263
66 374.954800054756
66.1 374.790167810956
66.2 374.623965261301
66.3 374.456190279607
66.4 374.286840858182
66.5 374.115915107931
66.6 373.943411258454
66.7 373.769327658132
66.8 373.593662774199
66.9 373.416415192814
67 373.237583619107
67.1 373.057166877232
67.2 372.875163910399
67.3 372.691573780895
67.4 372.506395670104
67.5 372.319628878503
67.6 372.131272825663
67.7 371.941327050225
67.8 371.749791209875
67.9 371.556665081304
68 371.361948560163
68.1 371.165641660997
68.2 370.96774451718
68.3 370.768257380833
68.4 370.56718062273
68.5 370.364514732202
68.6 370.160260317017
68.7 369.954418103262
68.8 369.746988935208
68.9 369.537973775165
69 369.327373703326
69.1 369.115189917604
69.2 368.901423733453
69.3 368.686076583682
69.4 368.469150018256
69.5 368.250645704091
69.6 368.030565424831
69.7 367.808911080621
69.8 367.585684687866
69.9 367.36088837898
70 367.134524402127
70.1 366.906595120945
70.2 366.677103014267
70.3 366.446050675826
70.4 366.213440813954
70.5 365.979276251268
70.6 365.74355992434
70.7 365.506294883372
70.8 365.267484291843
70.9 365.027131426158
71 364.785239675279
71.1 364.541812540354
71.2 364.296853634326
71.3 364.050366681539
71.4 363.80235551733
71.5 363.552824087617
71.6 363.301776448466
71.7 363.049216765658
71.8 362.795149314243
71.9 362.539578478081
72 362.282508749379
72.1 362.023944728213
72.2 361.763891122041
72.3 361.50235274521
72.4 361.239334518449
72.5 360.974841468357
72.6 360.708878726875
72.7 360.441451530757
72.8 360.172565221021
72.9 359.902225242404
73 359.630437142795
73.1 359.357206572669
73.2 359.082539284503
73.3 358.806441132188
73.4 358.528918070438
73.5 358.249976154173
73.6 357.969621537912
73.7 357.687860475147
73.8 357.40469931771
73.9 357.120144515132
74 356.834202613995
74.1 356.546880257271
74.2 356.258184183663
74.3 355.968121226923
74.4 355.676698315174
74.5 355.383922470222
74.6 355.089800806853
74.7 354.79434053213
74.8 354.497548944681
74.9 354.199433433975
75 353.900001479595
75.1 353.599260650504
75.2 353.297218604298
75.3 352.993883086459
75.4 352.689261929595
75.5 352.383363052679
75.6 352.076194460273
75.7 351.767764241756
75.8 351.458080570535
75.9 351.147151703255
76 350.834985979001
76.1 350.521591818496
76.2 350.206977723289
76.3 349.891152274939
76.4 349.574124134195
76.5 349.255902040166
76.6 348.936494809486
76.7 348.615911335479
76.8 348.294160587311
76.9 347.971251609138
77 347.647193519257
77.1 347.321995509238
77.2 346.995666843064
77.3 346.668216856257
77.4 346.339654955004
77.5 346.009990615277
77.6 345.67923338195
77.7 345.347392867906
77.8 345.014478753149
77.9 344.680500783902
78 344.345468771709
78.1 344.009392592529
78.2 343.672282185824
78.3 343.334147553652
78.4 342.994998759745
78.5 342.654845928595
78.6 342.313699244524
78.7 341.971568950766
78.8 341.628465348532
78.9 341.28439879608
79 340.939379707783
79.1 340.593418553186
79.2 340.246525856073
79.3 339.898712193518
79.4 339.549988194947
79.5 339.200364541186
79.6 338.849851963518
79.7 338.498461242728
79.8 338.146203208152
79.9 337.793088736728
80 337.439128752033
80.1 337.084334223333
80.2 336.728716164623
80.3 336.372285633669
80.4 336.015053731047
80.5 335.657031599184
80.6 335.298230421398
80.7 334.938661420932
80.8 334.578335859997
80.9 334.217265038808
81 333.855460294618
81.1 333.49293300076
81.2 333.129694565684
81.3 332.765756431991
81.4 332.401130075473
81.5 332.035827004156
81.6 331.669858757329
81.7 331.303236904595
81.8 330.935973044902
81.9 330.56807880559
82 330.199565841433
82.1 329.830445833681
82.2 329.460730489106
82.3 329.090431539049
82.4 328.719560738466
82.5 328.348129864981
82.6 327.976150717934
82.7 327.603635117437
82.8 327.230594903428
82.9 326.857041934729
83 326.482988088106
83.1 326.108445257331
83.2 325.733425352245
83.3 325.357940297829
83.4 324.982002033269
83.5 324.605622511034
83.6 324.228813695946
83.7 323.851587564265
83.8 323.473956102763
83.9 323.095931307817
84 322.717525184493
84.1 322.338749745635
84.2 321.959617010969
84.3 321.580139006193
84.4 321.200327762086
84.5 320.820195313609
84.6 320.439753699023
84.7 320.059014958995
84.8 319.677991135723
84.9 319.296694272058
85 318.915136410629
85.1 318.533329592975
85.2 318.151285858684
85.3 317.769017244532
85.4 317.386535783627
85.5 317.003853504563
85.6 316.620982430572
85.7 316.237934578685
85.8 315.854721958898
85.9 315.471356573343
86 315.087850415459
86.1 314.70421546918
86.2 314.320463708114
86.3 313.936607094739
86.4 313.5526575796
86.5 313.168627100508
86.6 312.784527581754
86.7 312.400370933317
86.8 312.016169050089
86.9 311.631933811097
87 311.247677078737
87.1 310.863410698012
87.2 310.479146495771
87.3 310.094896279968
87.4 309.710671838908
87.5 309.326484940515
87.6 308.942347331602
87.7 308.55827073714
87.8 308.174266859547
87.9 307.790347377968
88 307.406523947576
88.1 307.02280819887
88.2 306.639211736982
88.3 306.255746140993
88.4 305.872422963256
88.5 305.489253728718
88.6 305.10624993426
88.7 304.723423048037
88.8 304.340784508825
88.9 303.958345725379
89 303.576118075794
89.1 303.194112906873
89.2 302.812341533507
89.3 302.430815238055
89.4 302.049545269739
89.5 301.668542844036
89.6 301.287819142089
89.7 300.907385310115
89.8 300.527252458827
89.9 300.14743166286
90 299.767933960205
90.1 299.38877035165
90.2 299.009951800231
90.3 298.631489230684
90.4 298.253393528915
90.5 297.875675541462
90.6 297.498346074982
90.7 297.121415895732
90.8 296.744895729063
90.9 296.368796258919
91 295.993128127352
91.1 295.617901934027
91.2 295.243128235755
91.3 294.868817546017
91.4 294.494980334505
91.5 294.121627026666
91.6 293.748768003257
91.7 293.376413599905
91.8 293.004574106672
91.9 292.633259767636
92 292.262480780469
92.1 291.892247296031
92.2 291.522569417967
92.3 291.15345720231
92.4 290.784920657099
92.5 290.416969741995
92.6 290.049614367911
92.7 289.682864396648
92.8 289.316729640534
92.9 288.951219862079
93 288.586344773632
93.1 288.222114037041
93.2 287.858537263331
93.3 287.495624012383
93.4 287.133383792616
93.5 286.771826060689
93.6 286.410960221197
93.7 286.05079562638
93.8 285.691341575845
93.9 285.332607316281
94 284.974602041197
94.1 284.617334890655
94.2 284.260814951017
94.3 283.905051254696
94.4 283.550052779918
94.5 283.195828450483
94.6 282.842387135543
94.7 282.489737649378
94.8 282.137888751189
94.9 281.786849144884
95 281.436627478888
95.1 281.087232345942
95.2 280.738672282925
95.3 280.39095577067
95.4 280.044091233794
95.5 279.698087040536
95.6 279.352951502592
95.7 279.008692874969
95.8 278.665319355837
95.9 278.322839086389
96 277.981260150713
96.1 277.64059057566
96.2 277.300838330731
96.3 276.962011327958
96.4 276.624117421804
96.5 276.287164409054
96.6 275.951160028727
96.7 275.616111961988
96.8 275.28202783206
96.9 274.948915204157
97 274.616781585404
97.1 274.285634424781
97.2 273.955481113063
97.3 273.626328982765
97.4 273.298185308098
97.5 272.971057304928
97.6 272.644952130742
97.7 272.319876884617
97.8 271.995838607198
97.9 271.672844280678
98 271.350900828787
98.1 271.030015116785
98.2 270.710193951459
98.3 270.391444081128
98.4 270.07377219565
98.5 269.757184926437
98.6 269.441688846476
98.7 269.127290470351
98.8 268.81399625427
98.9 268.501812596107
99 268.190745835432
99.1 267.880802253563
99.2 267.57198807361
99.3 267.264309460528
99.4 266.957772521182
99.5 266.652383304401
99.6 266.348147801054
99.7 266.045071944113
99.8 265.74316160874
99.9 265.442422612357
100 265.142860714741
