0 100
0.1 99.7033328826966
0.2 99.4078377076193
0.3 99.1135218595396
0.4 98.8203844889194
0.5 98.5284247150691
0.6 98.2376416264015
0.7 97.9480342806853
0.8 97.6596017052996
0.9 97.3723428974896
1 97.0862568246223
1.1 96.8013424244437
1.2 96.5175986053358
1.3 96.2350242465749
1.4 95.9536181985897
1.5 95.6733792832207
1.6 95.3943062939794
1.7 95.1163979963084
1.8 94.8396531278413
1.9 94.5640703986637
2 94.2896484915741
2.1 94.0163860623445
2.2 93.7442817399827
2.3 93.4733341269932
2.4 93.203541799639
2.5 92.9349033082039
2.6 92.6674171772542
2.7 92.4010819059003
2.8 92.1358959680594
2.9 91.871857812717
3 91.6089658641888
3.1 91.3472185223829
3.2 91.0866141630611
3.3 90.8271511381003
3.4 90.5688277757543
3.5 90.3116423809145
3.6 90.055593235371
3.7 89.8006785980729
3.8 89.5468967053884
3.9 89.2942457713653
4 89.0427239879895
4.1 88.7923295254448
4.2 88.5430605323712
4.3 88.2949151361231
4.4 88.0478914430266
4.5 87.8019875386372
4.6 87.5572014879956
4.7 87.313531335884
4.8 87.0709751070814
4.9 86.8295308066182
5 86.5891964200299
5.1 86.3499699136108
5.2 86.1118492346664
5.3 85.8748323117649
5.4 85.6389170549887
5.5 85.4041013561839
5.6 85.1703830892106
5.7 84.9377601101907
5.8 84.7062302577559
5.9 84.4757913532942
6 84.2464412011961
6.1 84.0181775890991
6.2 83.7909982881319
6.3 83.5649010531573
6.4 83.339883623014
6.5 83.1159437207576
6.6 82.8930790539006
6.7 82.6712873146507
6.8 82.4505661801492
6.9 82.230913312707
7 82.0123263600403
7.1 81.794802955505
7.2 81.5783407183299
7.3 81.3629372538481
7.4 81.1485901537286
7.5 80.9352969962055
7.6 80.723055346306
7.7 80.5118627560782
7.8 80.3017167648162
7.9 80.0926148992851
8 79.8845546739442
8.1 79.6775335911687
8.2 79.4715491414704
8.3 79.2665988037175
8.4 79.0626800453515
8.5 78.8597903226049
8.6 78.6579270807153
8.7 78.4570877541403
8.8 78.2572697667689
8.9 78.0584705321332
9 77.8606874536176
9.1 77.663917924667
9.2 77.4681593289937
9.3 77.2734090407823
9.4 77.0796644248935
9.5 76.8869228370667
9.6 76.6951816241204
9.7 76.5044381241519
9.8 76.3146896667346
9.9 76.1259335731148
10 75.9381671564063
10.1 75.7513877217832
10.2 75.5655925666725
10.3 75.3807789809433
10.4 75.196944247096
10.5 75.0140856404492
10.6 74.8322004293254
10.7 74.6512858752343
10.8 74.4713392330559
10.9 74.2923577512208
11 74.1143386718896
11.1 73.9372792311303
11.2 73.7611766590944
11.3 73.5860281801916
11.4 73.4118310132618
11.5 73.2385823717473
11.6 73.0662794638617
11.7 72.894919492758
11.8 72.724499656695
11.9 72.5550171492022
12 72.3864691592427
12.1 72.2188528713748
12.2 72.0521654659118
12.3 71.8864041190803
12.4 71.7215660031767
12.5 71.5576482867225
12.6 71.3946481346173
12.7 71.2325627082907
12.8 71.0713891658524
12.9 70.9111246622406
13 70.7517663493689
13.1 70.5933113762716
13.2 70.435756889247
13.3 70.2791000319997
13.4 70.1233379457806
13.5 69.9684677695257
13.6 69.8144866399935
13.7 69.6613916918996
13.8 69.5091800580517
13.9 69.3578488694806
14 69.2073952555719
14.1 69.057816344194
14.2 68.909109261826
14.3 68.7612711336836
14.4 68.6142990838428
14.5 68.4681902353623
14.6 68.3229417104051
14.7 68.1785506303574
14.8 68.0350141159464
14.9 67.8923292873566
15 67.750493264344
15.1 67.6095031663495
15.2 67.4693561126101
15.3 67.3300492222688
15.4 67.1915796144827
15.5 67.05394440853
15.6 66.9171407239151
15.7 66.7811656804719
15.8 66.646016398466
15.9 66.5116899986954
16 66.3781836025892
16.1 66.2454943323051
16.2 66.1136193108255
16.3 65.9825556620516
16.4 65.8523005108967
16.5 65.7228509833767
16.6 65.5942042067012
16.7 65.4663573093606
16.8 65.3393074212142
16.9 65.2130516735746
17 65.0875871992922
17.1 64.9629111328377
17.2 64.8390206103826
17.3 64.7159127698792
17.4 64.5935847511386
17.5 64.4720336959072
17.6 64.3512567479421
17.7 64.2312510530851
17.8 64.1120137593346
17.9 63.9935420169169
18 63.875832978356
18.1 63.7588837985412
18.2 63.6426916347946
18.3 63.5272536469357
18.4 63.4125669973466
18.5 63.2986288510335
18.6 63.1854363756889
18.7 63.0729867417512
18.8 62.9612771224637
18.9 62.8503046939316
19 62.7400666351783
19.1 62.6305601281998
19.2 62.5217823580186
19.3 62.4137305127356
19.4 62.3064017835808
19.5 62.199793364963
19.6 62.0939024545185
19.7 61.9887262531574
19.8 61.88426196511
19.9 61.7805067979714
20 61.6774579627444
20.1 61.5751126738821
20.2 61.4734681493286
20.3 61.3725216105588
20.4 61.272270282617
20.5 61.1727113941541
20.6 61.073842177464
20.7 60.9756598685184
20.8 60.878161707001
20.9 60.7813449363398
21 60.6852068037393
21.1 60.5897445602105
21.2 60.4949554606004
21.3 60.4008367636205
21.4 60.3073857318736
21.5 60.2145996318802
21.6 60.1224757341035
21.7 60.0310113129734
21.8 59.9402036469091
21.9 59.8500500183415
22 59.7605477137336
22.1 59.6716940236005
22.2 59.5834862425282
22.3 59.4959216691916
22.4 59.4089976063707
22.5 59.3227113609675
22.6 59.2370602440196
22.7 59.1520415707152
22.8 59.0676526604054
22.9 58.9838908366164
23 58.9007534270609
23.1 58.8182377636476
23.2 58.7363411824909
23.3 58.6550610239195
23.4 58.5743946324832
23.5 58.49433935696
23.6 58.4148925503617
23.7 58.3360515699386
23.8 58.2578137771839
23.9 58.1801765378364
24 58.1031372218832
24.1 58.0266932035612
24.2 57.9508418613576
24.3 57.8755805780101
24.4 57.8009067405059
24.5 57.7268177400802
24.6 57.6533109722136
24.7 57.5803838366292
24.8 57.5080337372887
24.9 57.4362580823874
25 57.3650542843494
25.1 57.2944197598212
25.2 57.224351929665
25.3 57.1548482189513
25.4 57.0859060569508
25.5 57.0175228771255
25.6 56.9496961171192
25.7 56.8824232187478
25.8 56.8157016279877
25.9 56.7495287949655
26 56.6839021739451
26.1 56.6188192233154
26.2 56.5542774055773
26.3 56.4902741873296
26.4 56.4268070392548
26.5 56.3638734361041
26.6 56.3014708566818
26.7 56.2395967838296
26.8 56.1782487044095
26.9 56.1174241092871
27 56.0571204933138
27.1 55.9973353553087
27.2 55.9380661980399
27.3 55.8793105282056
27.4 55.8210658564142
27.5 55.7633296971646
27.6 55.7060995688252
27.7 55.6493729936136
27.8 55.5931474975746
27.9 55.5374206105587
28 55.4821898661998
28.1 55.4274528018927
28.2 55.3732069587697
28.3 55.3194498816776
28.4 55.2661791191538
28.5 55.2133922234019
28.6 55.1610867502675
28.7 55.1092602592134
28.8 55.057910313294
28.9 55.0070344791302
29 54.9566303268835
29.1 54.9066954302295
29.2 54.8572273663323
29.3 54.8082237158168
29.4 54.7596820627425
29.5 54.711599994576
29.6 54.6639751021633
29.7 54.6168049797024
29.8 54.5700872247151
29.9 54.5238194380188
30 54.4779992236982
30.1 54.4326241890769
30.2 54.3876919446878
30.3 54.3432001042451
30.4 54.2991462846142
30.5 54.2555281057833
30.6 54.2123431908328
30.7 54.1695891659068
30.8 54.1272636601824
30.9 54.0853643058401
31 54.0438887380341
31.1 54.0028345948617
31.2 53.9621995173332
31.3 53.9219811493416
31.4 53.8821771376322
31.5 53.8427851317722
31.6 53.8038027841197
31.7 53.7652277497939
31.8 53.7270576866438
31.9 53.6892902552178
32 53.6519231187329
32.1 53.614953943044
32.2 53.5783803966134
32.3 53.5422001504798
32.4 53.5064108782278
32.5 53.471010255957
32.6 53.4359959622517
32.7 53.40136567815
32.8 53.3671170871133
32.9 53.3332478749961
33 53.299755730015
33.1 53.2666383427189
33.2 53.2338934059586
33.3 53.2015186148563
33.4 53.1695116667762
33.5 53.1378702612937
33.6 53.1065921001665
33.7 53.0756748873042
33.8 53.0451163287389
33.9 53.0149141325962
34 52.9850660090654
34.1 52.9555696703707
34.2 52.9264228307424
34.3 52.897623206388
34.4 52.8691685154637
34.5 52.841056478046
34.6 52.8132848161038
34.7 52.7858512534704
34.8 52.7587535158159
34.9 52.7319893306194
35 52.7055564271424
35.1 52.6794525364014
35.2 52.6536753911415
35.3 52.6282227258096
35.4 52.603092276529
35.5 52.5782817810728
35.6 52.5537889788386
35.7 52.5296116108237
35.8 52.5057474195993
35.9 52.4821941492868
36 52.4589495455328
36.1 52.4360113554855
36.2 52.413377327771
36.3 52.3910452124702
36.4 52.3690127610954
36.5 52.3472777265686
36.6 52.3258378631984
36.7 52.3046909266591
36.8 52.2838346739684
36.9 52.2632668634674
37 52.2429852547993
37.1 52.2229876088893
37.2 52.2032716879252
37.3 52.1838352553379
37.4 52.1646760757823
37.5 52.1457919151192
37.6 52.1271805403971
37.7 52.1088397198348
37.8 52.0907672228041
37.9 52.0729608198134
38 52.0554182824916
38.1 52.0381373835724
38.2 52.021115896879
38.3 52.0043515973097
38.4 51.9878422608238
38.5 51.9715856644278
38.6 51.9555795861623
38.7 51.9398218050895
38.8 51.9243101012814
38.9 51.9090422558078
39 51.8940160507257
39.1 51.879229269069
39.2 51.8646796948383
39.3 51.8503651129919
39.4 51.8362833094372
39.5 51.8224320710222
39.6 51.8088091855285
39.7 51.7954124416638
39.8 51.782239629056
39.9 51.7692885382473
40 51.756556960689
40.1 51.7440426887371
40.2 51.7317435156485
40.3 51.7196572355776
40.4 51.7077816435734
40.5 51.6961145355783
40.6 51.6846537084259
40.7 51.6733969598407
40.8 51.6623420884381
40.9 51.6514868937248
41 51.6408291761005
41.1 51.6303667368591
41.2 51.620097378192
41.3 51.6100189031912
41.4 51.6001291158532
41.5 51.5904258210835
41.6 51.5809068247026
41.7 51.5715699334512
41.8 51.5624129549977
41.9 51.5534336979451
42 51.5446299718397
42.1 51.5359995871794
42.2 51.5275403554239
42.3 51.5192500890048
42.4 51.5111266013363
42.5 51.5031677068277
42.6 51.4953712208952
42.7 51.4877349599757
42.8 51.4802567415406
42.9 51.4729343841103
43 51.4657657072701
43.1 51.4587485316863
43.2 51.4518806791229
43.3 51.4451599724599
43.4 51.4385842357112
43.5 51.4321512940445
43.6 51.4258589738007
43.7 51.4197051025152
43.8 51.413687508939
43.9 51.4078040230616
44 51.4020524761337
44.1 51.3964307006911
44.2 51.3909365305795
44.3 51.3855678009801
44.4 51.3803223484353
44.5 51.3751980108763
44.6 51.3701926276504
44.7 51.3653040395501
44.8 51.3605300888417
44.9 51.3558686192963
45 51.3513174762201
45.1 51.3468745064865
45.2 51.3425375585683
45.3 51.3383044825712
45.4 51.334173130268
45.5 51.3301413551332
45.6 51.3262070123788
45.7 51.3223679589908
45.8 51.3186220537666
45.9 51.3149671573525
46 51.3114011322833
46.1 51.3079218430212
46.2 51.3045271559969
46.3 51.3012149396501
46.4 51.2979830644721
46.5 51.2948294030482
46.6 51.2917518301012
46.7 51.2887482225364
46.8 51.2858164594856
46.9 51.2829544223543
47 51.2801599948671
47.1 51.2774310631164
47.2 51.2747655156096
47.3 51.2721612433186
47.4 51.2696161397298
47.5 51.2671281008939
47.6 51.2646950254782
47.7 51.2623148148177
47.8 51.2599853729687
47.9 51.2577046067618
48 51.2554704258568
48.1 51.2532807427973
48.2 51.2511334730669
48.3 51.2490265351454
48.4 51.2469578505667
48.5 51.2449253439762
48.6 51.2429269431901
48.7 51.2409605792545
48.8 51.239024186506
48.9 51.2371157026325
49 51.2352330687347
49.1 51.2333742293888
49.2 51.2315371327094
49.3 51.2297197304131
49.4 51.2279199778832
49.5 51.226135834235
49.6 51.2243652623811
49.7 51.2226062290984
49.8 51.2208567050953
49.9 51.2191146650789
50 51.2173780878244
50.1 51.2156449562434
50.2 51.2139132574544
50.3 51.2121809828527
50.4 51.2104461281819
50.5 51.2087066936051
50.6 51.2069606837777
50.7 51.2052061079198
50.8 51.2034409798902
50.9 51.2016633182602
51 51.1998711463884
51.1 51.1980624924959
51.2 51.1962353897421
51.3 51.1943878763014
51.4 51.1925179954398
51.5 51.1906237955924
51.6 51.1887033304417
51.7 51.1867546589962
51.8 51.1847758456689
51.9 51.1827649603576
52 51.1807200785246
52.1 51.1786392812773
52.2 51.1765206554495
52.3 51.1743622936825
52.4 51.1721622945076
52.5 51.1699187624282
52.6 51.1676298080028
52.7 51.1652935479282
52.8 51.1629081051236
52.9 51.1604716088143
53 51.1579821946164
53.1 51.1554380046221
53.2 51.1528371874843
53.3 51.150177898503
53.4 51.1474582997109
53.5 51.14467655996
53.6 51.1418308550081
53.7 51.1389193676061
53.8 51.1359402875851
53.9 51.1328918119442
54 51.1297721449385
54.1 51.1265794981672
54.2 51.1233120906619
54.3 51.1199681489756
54.4 51.1165459072715
54.5 51.1130436074123
54.6 51.1094594990495
54.7 51.1057918397129
54.8 51.1020388949005
54.9 51.0981989381685
55 51.0942702512212
55.1 51.0902511240016
55.2 51.0861398547812
55.3 51.0819347502513
55.4 51.0776341256129
55.5 51.0732363046677
55.6 51.0687396199091
55.7 51.0641424126127
55.8 51.0594430329272
55.9 51.0546398399658
56 51.0497312018966
56.1 51.0447154960338
56.2 51.0395911089289
56.3 51.0343564364614
56.4 51.0290098839295
56.5 51.0235498661415
56.6 51.0179748075063
56.7 51.0122831421241
56.8 51.0064733138772
56.9 51.0005437765204
57 50.9944929937714
57.1 50.9883194394013
57.2 50.9820215973244
57.3 50.9755979616885
57.4 50.9690470369643
57.5 50.9623673380355
57.6 50.9555573902876
57.7 50.9486157296975
57.8 50.9415409029222
57.9 50.9343314673874
58 50.9269859913763
58.1 50.9195030541169
58.2 50.9118812458708
58.3 50.9041191680198
58.4 50.8962154331536
58.5 50.8881686651562
58.6 50.879977499293
58.7 50.871640582296
58.8 50.8631565724501
58.9 50.854524139678
59 50.8457419656253
59.1 50.836808743745
59.2 50.8277231793808
59.3 50.8184839898513
59.4 50.8090899045326
59.5 50.799539664941
59.6 50.7898320248148
59.7 50.7799657501958
59.8 50.7699396195101
59.9 50.7597524236487
60 50.7494029660471
60.1 50.7388900627644
60.2 50.7282125425619
60.3 50.7173692469811
60.4 50.706359030421
60.5 50.6951807602147
60.6 50.6838333167054
60.7 50.6723155933216
60.8 50.6606264966521
60.9 50.6487649465193
61 50.6367298760529
61.1 50.6245202317618
61.2 50.6121349736064
61.3 50.599573075069
61.4 50.5868335232242
61.5 50.573915318808
61.6 50.5608174762867
61.7 50.5475390239238
61.8 50.534079003848
61.9 50.520436472118
62 50.5066104987884
62.1 50.4926001679737
62.2 50.4784045779117
62.3 50.4640228410257
62.4 50.4494540839862
62.5 50.4346974477717
62.6 50.4197520877278
62.7 50.4046171736263
62.8 50.3892918897226
62.9 50.3737754348126
63 50.3580670222883
63.1 50.3421658801926
63.2 50.3260712512726
63.3 50.3097823930328
63.4 50.2932985777861
63.5 50.2766190927046
63.6 50.259743239869
63.7 50.2426703363171
63.8 50.2253997140905
63.9 50.2079307202814
64 50.1902627170773
64.1 50.1723950818048
64.2 50.1543272069726
64.3 50.1360585003129
64.4 50.1175883848218
64.5 50.0989162987987
64.6 50.0800416958844
64.7 50.0609640450978
64.8 50.0416828308716
64.9 50.0221975530869
65 50.0025077271065
65.1 49.9826128838065
65.2 49.9625125696074
65.3 49.9422063465037
65.4 49.9216937920917
65.5 49.900974499597
65.6 49.8800480778999
65.7 49.85891415156
65.8 49.8375723608392
65.9 49.8160223617234
66 49.7942638259436
66.1 49.7722964409943
66.2 49.750119910152
66.3 49.7277339524917
66.4 49.705138302902
66.5 49.6823327120987
66.6 49.6593169466379
66.7 49.6360907889271
66.8 49.6126540372345
66.9 49.589006505698
67 49.5651480243322
67.1 49.541078439034
67.2 49.516797611587
67.3 49.4923054196646
67.4 49.4676017568311
67.5 49.4426865325428
67.6 49.4175596721456
67.7 49.3922211168734
67.8 49.3666708238436
67.9 49.3409087660517
68 49.3149349323646
68.1 49.2887493275124
68.2 49.2623519720785
68.3 49.2357429024888
68.4 49.2089221709991
68.5 49.1818898456811
68.6 49.1546460104072
68.7 49.1271907648341
68.8 49.0995242243837
68.9 49.0716465202245
69 49.0435577992502
69.1 49.0152582240569
69.2 48.9867479729201
69.3 48.9580272397684
69.4 48.9290962341578
69.5 48.8999551812427
69.6 48.8706043217472
69.7 48.8410439119334
69.8 48.8112742235695
69.9 48.7812955438957
70 48.7511081755895
70.1 48.7207124367284
70.2 48.6901086607525
70.3 48.6592971964248
70.4 48.6282784077903
70.5 48.5970526741342
70.6 48.5656203899376
70.7 48.5339819648334
70.8 48.5021378235591
70.9 48.4700884059095
71 48.4378341666874
71.1 48.4053755756532
71.2 48.3727131174731
71.3 48.3398472916656
71.4 48.306778612547
71.5 48.2735076091759
71.6 48.2400348252951
71.7 48.2063608192739
71.8 48.1724861640474
71.9 48.1384114470558
72 48.1041372701815
72.1 48.0696642496854
72.2 48.0349930161416
72.3 48.0001242143712
72.4 47.9650585033739
72.5 47.9297965562598
72.6 47.8943390601787
72.7 47.8586867162483
72.8 47.822840239482
72.9 47.7868003587145
73 47.7505678165264
73.1 47.714143369168
73.2 47.6775277864816
73.3 47.6407218518224
73.4 47.6037263619786
73.5 47.5665421270901
73.6 47.5291699705658
73.7 47.4916107290006
73.8 47.4538652520901
73.9 47.4159344025451
74 47.3778190560043
74.1 47.3395201009465
74.2 47.3010384386012
74.3 47.2623749828584
74.4 47.2235306601773
74.5 47.1845064094935
74.6 47.1453031821261
74.7 47.1059219416829
74.8 47.0663636639647
74.9 47.0266293368691
75 46.9867199602926
75.1 46.9466365460325
75.2 46.9063801176869
75.3 46.8659517105547
75.4 46.8253523715339
75.5 46.7845831590195
75.6 46.7436451428001
75.7 46.7025394039538
75.8 46.6612670347433
75.9 46.6198291385098
76 46.5782268295665
76.1 46.5364612330907
76.2 46.4945334850159
76.3 46.452444731922
76.4 46.4101961309256
76.5 46.3677888495693
76.6 46.3252240657099
76.7 46.2825029674063
76.8 46.2396267528062
76.9 46.1965966300328
77 46.15341381707
77.1 46.1100795416472
77.2 46.0665950411239
77.3 46.022961562373
77.4 45.9791803616635
77.5 45.9352527045434
77.6 45.8911798657208
77.7 45.8469631289454
77.8 45.8026037868887
77.9 45.7581031410246
78 45.713462501508
78.1 45.6686831870545
78.2 45.6237665248186
78.3 45.5787138502715
78.4 45.5335265070788
78.5 45.4882058469774
78.6 45.4427532296522
78.7 45.3971700226123
78.8 45.3514576010668
78.9 45.3056173478002
79 45.2596506530475
79.1 45.2135589143688
79.2 45.1673435365239
79.3 45.1210059313459
79.4 45.0745475176159
79.5 45.0279697209353
79.6 44.9812739736001
79.7 44.9344617144733
79.8 44.8875343888578
79.9 44.8404934483691
80 44.7933403508075
80.1 44.7460765600305
80.2 44.6987035458246
80.3 44.6512227837776
80.4 44.6036357551499
80.5 44.5559439467465
80.6 44.5081488507887
80.7 44.4602519647852
80.8 44.4122547914041
80.9 44.364158838344
81 44.3159656182055
81.1 44.2676766483626
81.2 44.2192934508342
81.3 44.1708175521557
81.4 44.1222504832501
81.5 44.0735937793001
81.6 44.0248489796195
81.7 43.9760176275247
81.8 43.9271012702072
81.9 43.8781014586052
82 43.8290197472756
82.1 43.7798576942669
82.2 43.7306168609911
82.3 43.6812988120968
82.4 43.6319051153419
82.5 43.5824373414668
82.6 43.5328970640679
82.7 43.483285859471
82.8 43.4336053066054
82.9 43.383856986878
83 43.334042484048
83.1 43.2841633841014
83.2 43.2342212751265
83.3 43.1842177471892
83.4 43.134154392209
83.5 43.0840328038353
83.6 43.0338545773237
83.7 42.9836213094136
83.8 42.9333345982054
83.9 42.8829960430383
84 42.8326072443691
84.1 42.7821698036503
84.2 42.7316853232106
84.3 42.6811554061333
84.4 42.6305816561379
84.5 42.5799656774599
84.6 42.5293090747331
84.7 42.4786134528706
84.8 42.4278804169481
84.9 42.3771115720864
85 42.3263085233352
85.1 42.2754728755575
85.2 42.2246062333141
85.3 42.1737102007492
85.4 42.1227863814766
85.5 42.0718363784665
85.6 42.0208617939323
85.7 41.9698642292194
85.8 41.9188452846935
85.9 41.8678065596301
86 41.8167496521045
86.1 41.765676158883
86.2 41.714587675314
86.3 41.6634857952205
86.4 41.6123721107932
86.5 41.5612482124839
86.6 41.5101156889004
86.7 41.4589761267018
86.8 41.4078311104943
86.9 41.3566822227281
87 41.3055310435954
87.1 41.2543791509285
87.2 41.2032281200992
87.3 41.1520795239189
87.4 41.1009349325396
87.5 41.0497959133557
87.6 40.9986640309064
87.7 40.9475408467795
87.8 40.8964279195153
87.9 40.8453268045124
88 40.794239053933
88.1 40.7431662166109
88.2 40.6921098379582
88.3 40.6410714598751
88.4 40.5900526206588
88.5 40.5390548549146
88.6 40.4880796934668
88.7 40.4371286632718
88.8 40.3862032873309
88.9 40.3353050846047
89 40.2844355699283
89.1 40.2335962539277
89.2 40.1827886429364
89.3 40.1320142389137
89.4 40.0812745393638
89.5 40.0305710372556
89.6 39.9799052209434
89.7 39.9292785740893
89.8 39.8786925755857
89.9 39.828148699479
90 39.7776484148947
90.1 39.7271931859631
90.2 39.6767844717461
90.3 39.6264237261645
90.4 39.5761123979276
90.5 39.5258519304622
90.6 39.4756437618434
90.7 39.4254893247268
90.8 39.3753900462806
90.9 39.3253473481198
91 39.2753626462406
91.1 39.2254373509562
91.2 39.1755728668336
91.3 39.125770592631
91.4 39.076031921237
91.5 39.02635823961
91.6 38.9767509287188
91.7 38.9272113634846
91.8 38.8777409127237
91.9 38.828340939091
92 38.7790127990249
92.1 38.7297578426932
92.2 38.6805774139394
92.3 38.6314728502308
92.4 38.582445482607
92.5 38.53349663563
92.6 38.4846276273343
92.7 38.4358397691794
92.8 38.3871343660018
92.9 38.3385127159693
93 38.2899761105351
93.1 38.2415258343941
93.2 38.1931631654392
93.3 38.144889374719
93.4 38.0967057263964
93.5 38.0486134777084
93.6 38.0006138789266
93.7 37.9527081733187
93.8 37.9048975971109
93.9 37.8571833794517
94 37.8095667423762
94.1 37.7620489007714
94.2 37.7146310623428
94.3 37.6673144275814
94.4 37.6201001897323
94.5 37.5729895347636
94.6 37.5259836413367
94.7 37.4790836807775
94.8 37.4322908170479
94.9 37.3856062067195
95 37.3390309989467
95.1 37.2925663354419
95.2 37.2462133504508
95.3 37.1999731707296
95.4 37.1538469155219
95.5 37.107835696537
95.6 37.0619406179297
95.7 37.0161627762801
95.8 36.9705032605745
95.9 36.9249631521875
96 36.8795435248646
96.1 36.834245444706
96.2 36.789069970151
96.3 36.744018151963
96.4 36.6990910332162
96.5 36.6542896492821
96.6 36.6096150278176
96.7 36.5650681887536
96.8 36.5206501442843
96.9 36.4763618988578
97 36.4322044491667
97.1 36.3881787841402
97.2 36.344285884937
97.3 36.3005267249383
97.4 36.2569022697423
97.5 36.2134134771589
97.6 36.1700612972059
97.7 36.126846672105
97.8 36.0837705362793
97.9 36.0408338163511
98 35.9980374311411
98.1 35.9553822916669
98.2 35.9128693011442
98.3 35.8704993549869
98.4 35.828273340809
98.5 35.7861921384267
98.6 35.7442566198616
98.7 35.7024676493439
98.8 35.6608260833172
98.9 35.6193327704428
99 35.577988551606
99.1 35.536794259922
99.2 35.4957507207426
99.3 35.4548587516641
99.4 35.4141191625355
99.5 35.3735327554666
99.6 35.3331003248383
99.7 35.2928226573118
99.8 35.2527005318395
99.9 35.2127347196763
100 35.1729259843909
