0 300
0.1 299.043327371547
0.2 298.090644758311
0.3 297.141975496053
0.4 296.197314882675
0.5 295.256658118466
0.6 294.320000307037
0.7 293.387336456265
0.8 292.458661479225
0.9 291.533970195138
1 290.613257330305
1.1 289.696517519058
1.2 288.783745304696
1.3 287.874935140436
1.4 286.970081390352
1.5 286.069178330323
1.6 285.172220148976
1.7 284.279200948636
1.8 283.390114746265
1.9 282.504955474414
2 281.623716982161
2.1 280.746393036062
2.2 279.872977321091
2.3 279.003463441583
2.4 278.137844922182
2.5 277.276115208774
2.6 276.418267669436
2.7 275.56429559537
2.8 274.714192201846
2.9 273.867950629134
3 273.025563943443
3.1 272.187025137853
3.2 271.352327133249
3.3 270.52146277925
3.4 269.694424855138
3.5 268.871206070785
3.6 268.051799067576
3.7 267.236196419333
3.8 266.424390633232
3.9 265.616374150725
4 264.812139348449
4.1 264.011678539143
4.2 263.214983972557
4.3 262.422047836355
4.4 261.632862257025
4.5 260.847419300772
4.6 260.065710974425
4.7 259.287729226322
4.8 258.51346594721
4.9 257.742912971128
5 256.976062076291
5.1 256.212904985976
5.2 255.453433369395
5.3 254.69763884257
5.4 253.945512969204
5.5 253.197047261547
5.6 252.452233181258
5.7 251.711062140264
5.8 250.973525501614
5.9 250.239614580331
6 249.509320644255
6.1 248.782634914888
6.2 248.059548568231
6.3 247.340052735615
6.4 246.624138504535
6.5 245.911796919468
6.6 245.203018982698
6.7 244.497795655129
6.8 243.796117857095
6.9 243.097976469169
7 242.40336233296
7.1 241.712266251912
7.2 241.024678992096
7.3 240.340591282993
7.4 239.65999381828
7.5 238.982877256604
7.6 238.309232222352
7.7 237.639049306422
7.8 236.97231906698
7.9 236.309032030217
8 235.649178691102
8.1 234.992749514124
8.2 234.339734934035
8.3 233.690125356583
8.4 233.043911159243
8.5 232.40108269194
8.6 231.76163027777
8.7 231.125544213707
8.8 230.492814771318
8.9 229.863432197461
9 229.237386714981
9.1 228.614668523404
9.2 227.995267799619
9.3 227.37917469856
9.4 226.766379353878
9.5 226.156871878611
9.6 225.550642365845
9.7 224.947680889372
9.8 224.347977504341
9.9 223.751522247902
10 223.158305139846
10.1 222.568316183241
10.2 221.981545365055
10.3 221.397982656783
10.4 220.817618015059
10.5 220.24044138227
10.6 219.666442687158
10.7 219.095611845418
10.8 218.527938760294
10.9 217.963413323161
11 217.402025414111
11.1 216.843764902522
11.2 216.288621647634
11.3 215.736585499105
11.4 215.187646297574
11.5 214.641793875207
11.6 214.099018056248
11.7 213.559308657553
11.8 213.022655489127
11.9 212.489048354649
12 211.958477051997
12.1 211.430931373759
12.2 210.906401107746
12.3 210.384876037496
12.4 209.866345942769
12.5 209.350800600043
12.6 208.838229782997
12.7 208.32862326299
12.8 207.821970809541
12.9 207.318262190791
13 206.81748717397
13.1 206.319635525852
13.2 205.824697013204
13.3 205.332661403236
13.4 204.843518464035
13.5 204.357257965002
13.6 203.873869677276
13.7 203.39334337416
13.8 202.915668831534
13.9 202.440835828268
14 201.968834146622
14.1 201.499653572649
14.2 201.033283896589
14.3 200.569714913251
14.4 200.1089364224
14.5 199.65093822913
14.6 199.195710144238
14.7 198.743241984585
14.8 198.293523573456
14.9 197.846544740918
15 197.402295324162
15.1 196.96076516785
15.2 196.521944124451
15.3 196.085822054571
15.4 195.652388827284
15.5 195.221634320448
15.6 194.793548421021
15.7 194.368121025373
15.8 193.945342039591
15.9 193.525201379775
16 193.107688972338
16.1 192.692794754287
16.2 192.280508673513
16.3 191.870820689067
16.4 191.46372077143
16.5 191.059198902789
16.6 190.657245077291
16.7 190.257849301305
16.8 189.861001593676
16.9 189.466691985967
17 189.074910522709
17.1 188.685647261631
17.2 188.2988922739
17.3 187.914635644342
17.4 187.532867471667
17.5 187.153577868691
17.6 186.776756962541
17.7 186.40239489487
17.8 186.030481822058
17.9 185.661007915408
18 185.293963361347
18.1 184.929338361606
18.2 184.567123133412
18.3 184.207307909665
18.4 183.849882939114
18.5 183.494838486526
18.6 183.142164832855
18.7 182.791852275403
18.8 182.443891127977
18.9 182.098271721039
19 181.754984401863
19.1 181.414019534669
19.2 181.075367500771
19.3 180.739018698706
19.4 180.404963544371
19.5 180.073192471148
19.6 179.743695930026
19.7 179.416464389719
19.8 179.091488336785
19.9 178.768758275732
20 178.448264729128
20.1 178.129998237702
20.2 177.81394936044
20.3 177.500108674686
20.4 177.188466776228
20.5 176.879014279385
20.6 176.571741817093
20.7 176.266640040981
20.8 175.963699621451
20.9 175.662911247743
21 175.364265628009
21.1 175.067753489378
21.2 174.77336557801
21.3 174.481092659162
21.4 174.190925517235
21.5 173.902854955828
21.6 173.616871797784
21.7 173.332966885233
21.8 173.051131079633
21.9 172.771355261803
22 172.493630331962
22.1 172.217947209755
22.2 171.944296834281
22.3 171.672670164118
22.4 171.403058177339
22.5 171.135451871535
22.6 170.869842263824
22.7 170.606220390865
22.8 170.344577308868
22.9 170.084904093593
23 169.827191840357
23.1 169.571431664032
23.2 169.317614699042
23.3 169.065732099353
23.4 168.815775038468
23.5 168.567734709413
23.6 168.321602324722
23.7 168.077369116418
23.8 167.835026335997
23.9 167.594565254399
24 167.35597716199
24.1 167.119253368526
24.2 166.884385203128
24.3 166.651364014247
24.4 166.420181169628
24.5 166.190828056273
24.6 165.963296080402
24.7 165.737576667405
24.8 165.513661261804
24.9 165.291541327201
25 165.07120834623
25.1 164.852653820505
25.2 164.635869270567
25.3 164.420846235826
25.4 164.207576274506
25.5 163.996050963581
25.6 163.786261898716
25.7 163.578200694201
25.8 163.371858982886
25.9 163.167228416111
26 162.96430066364
26.1 162.763067413583
26.2 162.563520372329
26.3 162.365651264465
26.4 162.169451832702
26.5 161.974913837795
26.6 161.782029058463
26.7 161.590789291307
26.8 161.401186350725
26.9 161.213212068826
27 161.026858295346
27.1 160.842116897557
27.2 160.658979760176
27.3 160.477438785277
27.4 160.297485892195
27.5 160.119113017436
27.6 159.942312114575
27.7 159.767075154164
27.8 159.593394123633
27.9 159.42126102719
28 159.25066788572
28.1 159.081606736684
28.2 158.914069634015
28.3 158.748048648017
28.4 158.583535865256
28.5 158.420523388454
28.6 158.259003336385
28.7 158.098967843766
28.8 157.940409061145
28.9 157.783319154793
29 157.627690306595
29.1 157.473514713933
29.2 157.320784589579
29.3 157.169492161578
29.4 157.019629673136
29.5 156.871189382504
29.6 156.724163562861
29.7 156.578544502201
29.8 156.434324503215
29.9 156.291495883171
30 156.1500509738
30.1 156.009982121174
30.2 155.871281685589
30.3 155.733942041445
30.4 155.597955577125
30.5 155.463314694878
30.6 155.330011810691
30.7 155.198039354178
30.8 155.067389768449
30.9 154.938055509995
31 154.810029048561
31.1 154.683302867028
31.2 154.557869461288
31.3 154.433721340122
31.4 154.310851025078
31.5 154.189251050346
31.6 154.068913962639
31.7 153.949832321067
31.8 153.831998697012
31.9 153.715405674011
32 153.600045847629
32.1 153.485911825335
32.2 153.372996226384
32.3 153.261291681689
32.4 153.150790833702
32.5 153.041486336291
32.6 152.933370854616
32.7 152.826437065012
32.8 152.72067765486
32.9 152.616085322474
33 152.512652776972
33.1 152.410372738163
33.2 152.30923793642
33.3 152.209241112565
33.4 152.110375017749
33.5 152.01263241333
33.6 151.916006070758
33.7 151.820488771456
33.8 151.726073306702
33.9 151.632752477513
34 151.540519094529
34.1 151.449365977898
34.2 151.359285957159
34.3 151.270271871129
34.4 151.182316567793
34.5 151.095412904185
34.6 151.009553746281
34.7 150.924731968885
34.8 150.840940455522
34.9 150.758172098324
35 150.676419797926
35.1 150.595676463355
35.2 150.515935011925
35.3 150.437188369132
35.4 150.359429468546
35.5 150.282651251709
35.6 150.206846668035
35.7 150.132008674704
35.8 150.058130236562
35.9 149.985204326024
36 149.913223922974
36.1 149.842182014669
36.2 149.772071595638
36.3 149.702885667594
36.4 149.634617239338
36.5 149.567259326664
36.6 149.500804952271
36.7 149.43524714567
36.8 149.370578943101
36.9 149.306793387438
37 149.243883528113
37.1 149.181842421021
37.2 149.120663128446
37.3 149.060338718974
37.4 149.000862267415
37.5 148.942226854725
37.6 148.884425567928
37.7 148.827451500039
37.8 148.771297749995
37.9 148.715957422575
38 148.661423628338
38.1 148.607689483546
38.2 148.5547481101
38.3 148.502592635477
38.4 148.451216192658
38.5 148.400611920075
38.6 148.350772961542
38.7 148.301692466201
38.8 148.253363588463
38.9 148.205779487953
39 148.158933329456
39.1 148.112818282864
39.2 148.06742752313
39.3 148.022754230213
39.4 147.978791589041
39.5 147.935532789458
39.6 147.892971026185
39.7 147.851099498782
39.8 147.809911411606
39.9 147.769399973775
40 147.729558399135
40.1 147.690379906225
40.2 147.651857718251
40.3 147.61398506305
40.4 147.576755173073
40.5 147.540161285353
40.6 147.504196641485
40.7 147.468854487608
40.8 147.434128074386
40.9 147.40001065699
41 147.366495495086
41.1 147.333575852825
41.2 147.301244998831
41.3 147.269496206194
41.4 147.238322752468
41.5 147.207717919665
41.6 147.177674994257
41.7 147.148187267176
41.8 147.11924803382
41.9 147.090850594057
42 147.062988252236
42.1 147.035654317195
42.2 147.00884210228
42.3 146.982544925353
42.4 146.956756108817
42.5 146.931468979632
42.6 146.90667686934
42.7 146.882373114086
42.8 146.858551054654
42.9 146.835204036486
43 146.812325409724
43.1 146.789908529239
43.2 146.76794675467
43.3 146.746433450461
43.4 146.72536198591
43.5 146.704725735205
43.6 146.684518077475
43.7 146.664732396841
43.8 146.645362082465
43.9 146.626400528604
44 146.60784113467
44.1 146.589677305287
44.2 146.571902450352
44.3 146.554509985103
44.4 146.537493330181
44.5 146.520845911704
44.6 146.504561161334
44.7 146.488632516356
44.8 146.473053419751
44.9 146.457817320281
45 146.442917672562
45.1 146.428347937157
45.2 146.41410158066
45.3 146.400172075783
45.4 146.386552901452
45.5 146.373237542898
45.6 146.360219491758
45.7 146.347492246172
45.8 146.335049310885
45.9 146.322884197352
46 146.310990423849
46.1 146.299361515575
46.2 146.287991004771
46.3 146.276872430835
46.4 146.265999340432
46.5 146.255365287622
46.6 146.244963833978
46.7 146.234788548714
46.8 146.224833008807
46.9 146.215090799132
47 146.205555512594
47.1 146.196220750257
47.2 146.187080121491
47.3 146.178127244102
47.4 146.169355744481
47.5 146.160759257746
47.6 146.152331427888
47.7 146.144065907923
47.8 146.135956360044
47.9 146.127996455771
48 146.120179876115
48.1 146.11250031173
48.2 146.10495146308
48.3 146.097527040598
48.4 146.090220764859
48.5 146.083026366742
48.6 146.075937587603
48.7 146.06894817945
48.8 146.062051905117
48.9 146.055242538443
49 146.048513864451
49.1 146.04185967953
49.2 146.03527379162
49.3 146.028750020403
49.4 146.022282197482
49.5 146.015864166585
49.6 146.009489783747
49.7 146.003152917513
49.8 145.996847449133
49.9 145.990567272761
50 145.984306295659
50.1 145.978058438399
50.2 145.97181763507
50.3 145.965577833486
50.4 145.959332995396
50.5 145.953077096696
50.6 145.946804127644
50.7 145.940508093074
50.8 145.934183012613
50.9 145.927822920906
51 145.921421867832
51.1 145.91497391873
51.2 145.908473154624
51.3 145.901913672449
51.4 145.895289585284
51.5 145.888595022574
51.6 145.881824130372
51.7 145.874971071567
51.8 145.86803002612
51.9 145.860995191303
52 145.853860781938
52.1 145.846621030634
52.2 145.839270188035
52.3 145.831802523055
52.4 145.824212323131
52.5 145.816493894464
52.6 145.80864156227
52.7 145.800649671025
52.8 145.792512584721
52.9 145.784224687113
53 145.775780381973
53.1 145.767174093346
53.2 145.758400265803
53.3 145.749453364701
53.4 145.740327876437
53.5 145.731018308707
53.6 145.721519190771
53.7 145.711825073706
53.8 145.701930530675
53.9 145.691830157186
54 145.681518571355
54.1 145.670990414176
54.2 145.660240349778
54.3 145.649263065698
54.4 145.638053273147
54.5 145.626605707276
54.6 145.614915127443
54.7 145.602976317486
54.8 145.59078408599
54.9 145.578333266557
55 145.56561871808
55.1 145.552635325007
55.2 145.539377997622
55.3 145.525841672309
55.4 145.512021311827
55.5 145.497911905586
55.6 145.483508469914
55.7 145.468806048334
55.8 145.453799711835
55.9 145.438484559147
56 145.422855717016
56.1 145.406908340471
56.2 145.390637613106
56.3 145.374038747346
56.4 145.357106984725
56.5 145.339837596158
56.6 145.322225882212
56.7 145.304267173382
56.8 145.28595683036
56.9 145.26729024431
57 145.248262837139
57.1 145.228870061767
57.2 145.209107402398
57.3 145.188970374792
57.4 145.168454526535
57.5 145.147555437303
57.6 145.12626871914
57.7 145.104590016714
57.8 145.082515007596
57.9 145.060039402516
58 145.037158945634
58.1 145.013869414804
58.2 144.990166621837
58.3 144.966046412762
58.4 144.94150466809
58.5 144.916537303071
58.6 144.891140267957
58.7 144.865309548259
58.8 144.839041165002
58.9 144.812331174982
59 144.78517567102
59.1 144.757570782216
59.2 144.729512674197
59.3 144.700997549372
59.4 144.672021647174
59.5 144.642581244314
59.6 144.612672655021
59.7 144.582292231285
59.8 144.551436363105
59.9 144.520101478721
60 144.48828404486
60.1 144.455980566965
60.2 144.423187589437
60.3 144.389901695858
60.4 144.356119509234
60.5 144.32183769221
60.6 144.287052947307
60.7 144.251762017141
60.8 144.215961684647
60.9 144.179648773296
61 144.142820147315
61.1 144.105472711905
61.2 144.067603413446
61.3 144.029209239714
61.4 143.990287220088
61.5 143.950834425752
61.6 143.910847969903
61.7 143.870325007945
61.8 143.829262737693
61.9 143.787658399565
62 143.745509276773
62.1 143.702812695515
62.2 143.65956602516
62.3 143.615766678433
62.4 143.571412111595
62.5 143.52649982462
62.6 143.481027361375
62.7 143.434992309784
62.8 143.388392302003
62.9 143.341225014586
63 143.293488168642
63.1 143.245179530001
63.2 143.196296909366
63.3 143.14683816247
63.4 143.096801190221
63.5 143.046183938852
63.6 142.994984400063
63.7 142.943200611159
63.8 142.89083065519
63.9 142.83787266108
64 142.78432480376
64.1 142.730185304288
64.2 142.675452429979
64.3 142.620124494515
64.4 142.564199858068
64.5 142.507676927405
64.6 142.450554155999
64.7 142.39283004413
64.8 142.33450313899
64.9 142.275572034772
65 142.216035372771
65.1 142.155891841464
65.2 142.0951401766
65.3 142.033779161281
65.4 141.971807626037
65.5 141.909224448897
65.6 141.846028555463
65.7 141.78221891897
65.8 141.717794560351
65.9 141.652754548292
66 141.587097999283
66.1 141.520824077669
66.2 141.453931995694
66.3 141.386421013544
66.4 141.318290439377
66.5 141.24953962936
66.6 141.180167987697
66.7 141.110174966651
66.8 141.039560066562
66.9 140.968322835867
67 140.896462871106
67.1 140.823979816933
67.2 140.750873366114
67.3 140.677143259529
67.4 140.602789286164
67.5 140.527811283101
67.6 140.452209135501
67.7 140.37598277659
67.8 140.29913218763
67.9 140.221657397895
68 140.143558484634
68.1 140.064835573042
68.2 139.985488836211
68.3 139.90551849509
68.4 139.824924818433
68.5 139.743708122745
68.6 139.661868772224
68.7 139.579407178697
68.8 139.496323801556
68.9 139.412619147682
69 139.328293771369
69.1 139.243348274248
69.2 139.157783305198
69.3 139.071599560258
69.4 138.984797782533
69.5 138.897378762097
69.6 138.809343335889
69.7 138.720692387607
69.8 138.631426847598
69.9 138.541547692741
70 138.451055946326
70.1 138.359952677932
70.2 138.268239003299
70.3 138.175916084192
70.4 138.082985128269
70.5 137.989447388933
70.6 137.895304165191
70.7 137.800556801503
70.8 137.705206687629
70.9 137.609255258466
71 137.512703993892
71.1 137.415554418593
71.2 137.317808101897
71.3 137.219466657595
71.4 137.120531743764
71.5 137.021005062582
71.6 136.920888360143
71.7 136.820183426264
71.8 136.718892094286
71.9 136.617016240881
72 136.514557785843
72.1 136.411518691883
72.2 136.307900964417
72.3 136.203706651349
72.4 136.098937842853
72.5 135.99359667115
72.6 135.88768531028
72.7 135.781205975871
72.8 135.674160924906
72.9 135.566552455481
73 135.458382906567
73.1 135.349654657762
73.2 135.240370129039
73.3 135.1305317805
73.4 135.020142112111
73.5 134.909203663447
73.6 134.797719013426
73.7 134.685690780043
73.8 134.573121620098
73.9 134.460014228925
74 134.346371340108
74.1 134.232195725206
74.2 134.11749019347
74.3 134.002257591548
74.4 133.886500803201
74.5 133.77022274901
74.6 133.653426386073
74.7 133.536114707709
74.8 133.418290743157
74.9 133.299957557267
75 133.181118250188
75.1 133.061775957065
75.2 132.941933847715
75.3 132.821595126316
75.4 132.700763031082
75.5 132.579440833945
75.6 132.457631840222
75.7 132.335339388295
75.8 132.212566849273
75.9 132.089317626663
76 131.965595156031
76.1 131.841402904666
76.2 131.716744371237
76.3 131.59162308545
76.4 131.466042607704
76.5 131.340006528743
76.6 131.213518469304
76.7 131.086582079766
76.8 130.959201039796
76.9 130.831379057994
77 130.703119871532
77.1 130.574427245795
77.2 130.445304974018
77.3 130.315756876924
77.4 130.185786802358
77.5 130.055398624917
77.6 129.924596245582
77.7 129.793383591349
77.8 129.661764614853
77.9 129.529743294
78 129.397323631583
78.1 129.264509654912
78.2 129.131305415436
78.3 128.997714988357
78.4 128.863742472257
78.5 128.729391988709
78.6 128.5946676819
78.7 128.459573718244
78.8 128.324114285995
78.9 128.188293594865
79 128.052115875632
79.1 127.915585379755
79.2 127.778706378987
79.3 127.64148316498
79.4 127.503920048897
79.5 127.366021361025
79.6 127.227791450377
79.7 127.089234684303
79.8 126.950355448098
79.9 126.811158144607
80 126.671647193834
80.1 126.531827032544
80.2 126.391702113873
80.3 126.251276906933
80.4 126.110555896416
80.5 125.969543582199
80.6 125.828244478951
80.7 125.686663115739
80.8 125.544804035629
80.9 125.402671795297
81 125.260270964632
81.1 125.117606126339
81.2 124.974681875552
81.3 124.831502819432
81.4 124.68807357678
81.5 124.544398777643
81.6 124.400483062918
81.7 124.256331083964
81.8 124.111947502209
81.9 123.967336988759
82 123.822504224009
82.1 123.677453897253
82.2 123.532190706295
82.3 123.386719357061
82.4 123.241044563214
82.5 123.095171045764
82.6 122.949103532689
82.7 122.802846758544
82.8 122.656405464084
82.9 122.509784395876
83 122.362988305926
83.1 122.216021951292
83.2 122.068890093709
83.3 121.921597499211
83.4 121.774148937758
83.5 121.626549182857
83.6 121.478803011193
83.7 121.330915202255
83.8 121.182890537968
83.9 121.034733802321
84 120.886449781006
84.1 120.738043261046
84.2 120.589519030439
84.3 120.440881877787
84.4 120.292136591944
84.5 120.143287961655
84.6 119.994340775197
84.7 119.845299820027
84.8 119.69616988243
84.9 119.546955747166
85 119.397662197122
85.1 119.248294012967
85.2 119.098855972803
85.3 118.949352851829
85.4 118.799789421994
85.5 118.650170451663
85.6 118.500500705278
85.7 118.350784943026
85.8 118.201027920509
85.9 118.051234388409
86 117.901409092168
86.1 117.751556771657
86.2 117.601682160858
86.3 117.451789987545
86.4 117.301884972961
86.5 117.151971831508
86.6 117.002055270434
86.7 116.852139989522
86.8 116.702230680783
86.9 116.552332028151
87 116.402448707182
87.1 116.252585384752
87.2 116.102746718764
87.3 115.952937357851
87.4 115.803161941085
87.5 115.653425097689
87.6 115.503731446751
87.7 115.354085596941
87.8 115.204492146228
87.9 115.054955681608
88 114.905480778824
88.1 114.756072002095
88.2 114.60673390385
88.3 114.45747102446
88.4 114.308287891972
88.5 114.159189021856
88.6 114.010178916738
88.7 113.861262066154
88.8 113.712442946296
88.9 113.563726019759
89 113.415115735303
89.1 113.266616527606
89.2 113.118232817023
89.3 112.969969009357
89.4 112.821829495616
89.5 112.673818651791
89.6 112.525940838623
89.7 112.378200401382
89.8 112.230601669644
89.9 112.083148957077
90 111.935846561219
90.1 111.788698763273
90.2 111.641709827896
90.3 111.49488400299
90.4 111.348225519507
90.5 111.201738591242
90.6 111.05542741464
90.7 110.909296168606
90.8 110.763349014308
90.9 110.617590094998
91 110.472023535822
91.1 110.326653443644
91.2 110.181483906864
91.3 110.036518995249
91.4 109.891762759758
91.5 109.747219232376
91.6 109.602892425947
91.7 109.458786334016
91.8 109.314904930665
91.9 109.171252170364
92 109.027831987813
92.1 108.884648297795
92.2 108.741704995032
92.3 108.599005954038
92.4 108.456555028981
92.5 108.314356053547
92.6 108.172412840807
92.7 108.03072918308
92.8 107.889308851816
92.9 107.748155597461
93 107.607273149344
93.1 107.466665215552
93.2 107.32633548282
93.3 107.186287616412
93.4 107.046525260021
93.5 106.907052035655
93.6 106.767871543534
93.7 106.628987361995
93.8 106.490403047391
93.9 106.352122133994
94 106.21414813391
94.1 106.076484536986
94.2 105.939134810723
94.3 105.802102400197
94.4 105.665390727979
94.5 105.529003194054
94.6 105.392943175751
94.7 105.25721402767
94.8 105.121819081613
94.9 104.98676164652
95 104.852045008405
95.1 104.717672430295
95.2 104.583647152175
95.3 104.44997239093
95.4 104.316651340299
95.5 104.183687170817
95.6 104.051083029778
95.7 103.918842041184
95.8 103.786967305707
95.9 103.655461900649
96 103.524328879909
96.1 103.393571273945
96.2 103.263192089746
96.3 103.133194310806
96.4 103.003580897092
96.5 102.874354785025
96.6 102.745518887461
96.7 102.617076093666
96.8 102.489029269307
96.9 102.361381256435
97 102.234134873474
97.1 102.107292915214
97.2 101.980858152802
97.3 101.854833333739
97.4 101.729221181881
97.5 101.604024397435
97.6 101.479245656963
97.7 101.354887613391
97.8 101.230952896009
97.9 101.107444110486
98 100.98436383888
98.1 100.861714639651
98.2 100.739499047678
98.3 100.617719574273
98.4 100.496378707208
98.5 100.375478910728
98.6 100.255022625584
98.7 100.135012269051
98.8 100.015450234962
98.9 99.8963388937322
99 99.777680592396
99.1 99.6594776546367
99.2 99.541732380824
99.3 99.4244470480501
99.4 99.3076239101693
99.5 99.1912651978387
99.6 99.0753731185606
99.7 98.9599498567272
99.8 98.8449975736659
99.9 98.7305184076878
100 98.6165144741362
