0 3000
0.1 2990.93884068573
0.2 2981.91395880513
0.3 2972.92557887112
0.4 2963.97367049591
0.5 2955.05820234576
0.6 2946.17914214905
0.7 2937.33645670424
0.8 2928.53011188798
0.9 2919.76007266313
1 2911.02630308688
1.1 2902.32876631883
1.2 2893.66742462916
1.3 2885.04223940673
1.4 2876.45317116722
1.5 2867.90017956136
1.6 2859.38322338302
1.7 2850.90226057747
1.8 2842.45724824953
1.9 2834.04814267179
2 2825.67489929282
2.1 2817.33747274539
2.2 2809.03581685466
2.3 2800.76988464646
2.4 2792.53962835543
2.5 2784.34499943333
2.6 2776.18594855721
2.7 2768.06242563765
2.8 2759.97437982699
2.9 2751.92175952752
3 2743.90451239972
3.1 2735.92258537045
3.2 2727.97592464116
3.3 2720.06447569607
3.4 2712.18818331036
3.5 2704.34699155833
3.6 2696.5408438216
3.7 2688.76968279721
3.8 2681.03345050579
3.9 2673.33208829966
4 2665.66553687099
4.1 2658.03373625982
4.2 2650.4366258622
4.3 2642.8741444382
4.4 2635.34623012
4.5 2627.85282041986
4.6 2620.39385223817
4.7 2612.9692618714
4.8 2605.57898502007
4.9 2598.2229567967
5 2590.90111173369
5.1 2583.61338379122
5.2 2576.35970636516
5.3 2569.14001229484
5.4 2561.95423387089
5.5 2554.80230284305
5.6 2547.68415042789
5.7 2540.59970731655
5.8 2533.54890368246
5.9 2526.53166918896
6 2519.54793299698
6.1 2512.59762377264
6.2 2505.68066969481
6.3 2498.79699846266
6.4 2491.94653730316
6.5 2485.12921297857
6.6 2478.34495179387
6.7 2471.59367960414
6.8 2464.87532182198
6.9 2458.1898034248
7 2451.53704896212
7.1 2444.91698256285
7.2 2438.32952794248
7.3 2431.77460841027
7.4 2425.25214687642
7.5 2418.76206585912
7.6 2412.30428749165
7.7 2405.8787335294
7.8 2399.48532535681
7.9 2393.12398399438
8 2386.79463010549
8.1 2380.49718400331
8.2 2374.23156565759
8.3 2367.99769470142
8.4 2361.79549043796
8.5 2355.62487184716
8.6 2349.48575759233
8.7 2343.37806602676
8.8 2337.30171520029
8.9 2331.2566228658
9 2325.24270648562
9.1 2319.25988323802
9.2 2313.3080700235
9.3 2307.38718347116
9.4 2301.49713994492
9.5 2295.6378555498
9.6 2289.80924613804
9.7 2284.01122731526
9.8 2278.24371444652
9.9 2272.50662266239
10 2266.79986686487
10.1 2261.12336173338
10.2 2255.4770217306
10.3 2249.86076110835
10.4 2244.27449391333
10.5 2238.71813399291
10.6 2233.19159500076
10.7 2227.69479040253
10.8 2222.22763348142
10.9 2216.79003734372
11 2211.38191492429
11.1 2206.003178992
11.2 2200.65374215515
11.3 2195.33351686675
11.4 2190.04241542983
11.5 2184.78035000268
11.6 2179.54723260403
11.7 2174.34297511817
11.8 2169.16748930007
11.9 2164.02068678034
12 2158.90247907028
12.1 2153.81277756678
12.2 2148.75149355718
12.3 2143.71853822411
12.4 2138.71382265029
12.5 2133.7372578232
12.6 2128.78875463979
12.7 2123.8682239111
12.8 2118.97557636681
12.9 2114.11072265977
13 2109.27357337046
13.1 2104.46403901141
13.2 2099.68203003158
13.3 2094.92745682063
13.4 2090.20022971323
13.5 2085.50025899325
13.6 2080.8274548979
13.7 2076.18172762189
13.8 2071.56298732145
13.9 2066.97114411832
14 2062.40610810377
14.1 2057.86778934244
14.2 2053.35609787626
14.3 2048.87094372818
14.4 2044.412236906
14.5 2039.97988740604
14.6 2035.57380521678
14.7 2031.1939003225
14.8 2026.84008270682
14.9 2022.51226235619
15 2018.21034926338
15.1 2013.93425343087
15.2 2009.6838848742
15.3 2005.45915362529
15.4 2001.2599697357
15.5 1997.08624327984
15.6 1992.93788435813
15.7 1988.81480310014
15.8 1984.71690966759
15.9 1980.64411425746
16 1976.59632710488
16.1 1972.57345848612
16.2 1968.57541872142
16.3 1964.60211817781
16.4 1960.65346727196
16.5 1956.72937647283
16.6 1952.82975630442
16.7 1948.95451734839
16.8 1945.10357024664
16.9 1941.2768257039
17 1937.47419449019
17.1 1933.69558744331
17.2 1929.94091547124
17.3 1926.21008955452
17.4 1922.50302074855
17.5 1918.81962018589
17.6 1915.1597990785
17.7 1911.52346871991
17.8 1907.91054048739
17.9 1904.32092584402
18 1900.75453634079
18.1 1897.21128361859
18.2 1893.69107941022
18.3 1890.19383554225
18.4 1886.71946393699
18.5 1883.2678766143
18.6 1879.83898569339
18.7 1876.4327033946
18.8 1873.04894204113
18.9 1869.68761406068
19 1866.34863198716
19.1 1863.03190846224
19.2 1859.73735623692
19.3 1856.46488817307
19.4 1853.2144172449
19.5 1849.9858565404
19.6 1846.77911926277
19.7 1843.59411873173
19.8 1840.43076838492
19.9 1837.28898177914
20 1834.16867259161
20.1 1831.0697546212
20.2 1827.99214178959
20.3 1824.93574814242
20.4 1821.9004878504
20.5 1818.88627521036
20.6 1815.89302464631
20.7 1812.9206507104
20.8 1809.9690680839
20.9 1807.03819157815
21 1804.1279361354
21.1 1801.23821682971
21.2 1798.36894886777
21.3 1795.52004758966
21.4 1792.69142846962
21.5 1789.88300711678
21.6 1787.09469927587
21.7 1784.32642082782
21.8 1781.57808779044
21.9 1778.84961631899
22 1776.14092270674
22.1 1773.4519233855
22.2 1770.78253492615
22.3 1768.13267403905
22.4 1765.50225757454
22.5 1762.8912025233
22.6 1760.29942601679
22.7 1757.72684532751
22.8 1755.17337786942
22.9 1752.63894119814
23 1750.1234530113
23.1 1747.62683114872
23.2 1745.14899359262
23.3 1742.68985846783
23.4 1740.24934404193
23.5 1737.82736872535
23.6 1735.42385107153
23.7 1733.03870977693
23.8 1730.67186368114
23.9 1728.32323176683
24 1725.99273315984
24.1 1723.68028712907
24.2 1721.38581308646
24.3 1719.10923058694
24.4 1716.85045932829
24.5 1714.60941915104
24.6 1712.38603003832
24.7 1710.1802121157
24.8 1707.99188565098
24.9 1705.82097105398
25 1703.66738887631
25.1 1701.53105981114
25.2 1699.41190469286
25.3 1697.30984449683
25.4 1695.22480033906
25.5 1693.15669347584
25.6 1691.10544530338
25.7 1689.07097735749
25.8 1687.05321131309
25.9 1685.05206898388
26 1683.06747232181
26.1 1681.09934341674
26.2 1679.14760449585
26.3 1677.21217792322
26.4 1675.29298619931
26.5 1673.38995196041
26.6 1671.50299797815
26.7 1669.63204715886
26.8 1667.77702254308
26.9 1665.9378473049
27 1664.1144447514
27.1 1662.30673832201
27.2 1660.51465158788
27.3 1658.73810825122
27.4 1656.97703214462
27.5 1655.23134723042
27.6 1653.50097759997
27.7 1651.78584747294
27.8 1650.0858811966
27.9 1648.4010032451
28 1646.73113821869
28.1 1645.07621084301
28.2 1643.4361459683
28.3 1641.81086856859
28.4 1640.20030374096
28.5 1638.60437670472
28.6 1637.02301280058
28.7 1635.45613748985
28.8 1633.90367635359
28.9 1632.36555509178
29 1630.84169952246
29.1 1629.33203558089
29.2 1627.83648931864
29.3 1626.35498690275
29.4 1624.88745461484
29.5 1623.43381885017
29.6 1621.99400611683
29.7 1620.56794303473
29.8 1619.15555633477
29.9 1617.75677285783
30 1616.37151955396
30.1 1614.99972348131
30.2 1613.64131180531
30.3 1612.29621179764
30.4 1610.96435083533
30.5 1609.64565639978
30.6 1608.34005607581
30.7 1607.04747755069
30.8 1605.76784861317
30.9 1604.50109715252
31 1603.24715115756
31.1 1602.00593871564
31.2 1600.77738801172
31.3 1599.56142732735
31.4 1598.35798503967
31.5 1597.16698962046
31.6 1595.98836963514
31.7 1594.82205374176
31.8 1593.66797069003
31.9 1592.52604932032
32 1591.39621856266
32.1 1590.27840743577
32.2 1589.17254504604
32.3 1588.07856058654
32.4 1586.99638333607
32.5 1585.9259426581
32.6 1584.86716799984
32.7 1583.81998889122
32.8 1582.78433494392
32.9 1581.76013585037
33 1580.74732138279
33.1 1579.74582139217
33.2 1578.75556580734
33.3 1577.77648463399
33.4 1576.80850795366
33.5 1575.85156592282
33.6 1574.90558877187
33.7 1573.97050680422
33.8 1573.0462503953
33.9 1572.13274999164
34 1571.2299361099
34.1 1570.33773933597
34.2 1569.45609032399
34.3 1568.58491979546
34.4 1567.72415853828
34.5 1566.87373740588
34.6 1566.0335873163
34.7 1565.20363925126
34.8 1564.38382425529
34.9 1563.57407343484
35 1562.77431795742
35.1 1561.98448905068
35.2 1561.2045180016
35.3 1560.43433615558
35.4 1559.67387491567
35.5 1558.92306574164
35.6 1558.18184014925
35.7 1557.45012970934
35.8 1556.72786604708
35.9 1556.01498084117
36 1555.31140582301
36.1 1554.61707277595
36.2 1553.93191353455
36.3 1553.25585998375
36.4 1552.5888440582
36.5 1551.93079774146
36.6 1551.28165306536
36.7 1550.64134210918
36.8 1550.00979699904
36.9 1549.38694990719
37 1548.77273305132
37.1 1548.1670786939
37.2 1547.56991914154
37.3 1546.98118674437
37.4 1546.40081389538
37.5 1545.82873302985
37.6 1545.26487662472
37.7 1544.70917719806
37.8 1544.16156730845
37.9 1543.62197955446
38 1543.09034657409
38.1 1542.56660104429
38.2 1542.05067568041
38.3 1541.54250323573
38.4 1541.04201650099
38.5 1540.5491483039
38.6 1540.06383150873
38.7 1539.58599901587
38.8 1539.11558376142
38.9 1538.6525187168
39 1538.19673688835
39.1 1537.748171317
39.2 1537.3067550779
39.3 1536.87242128013
39.4 1536.44510306633
39.5 1536.02473361249
39.6 1535.6112461276
39.7 1535.20457385345
39.8 1534.80465006436
39.9 1534.41140806699
40 1534.02478120012
40.1 1533.64470283447
40.2 1533.27110637255
40.3 1532.90392524852
40.4 1532.54309292803
40.5 1532.1885429082
40.6 1531.84020871742
40.7 1531.4980239154
40.8 1531.16192209305
40.9 1530.83183687249
41 1530.50770190704
41.1 1530.18945088121
41.2 1529.87701751081
41.3 1529.57033554293
41.4 1529.26933875606
41.5 1528.97396096018
41.6 1528.68413599688
41.7 1528.39979773952
41.8 1528.12088009336
41.9 1527.84731699579
42 1527.57904241651
42.1 1527.31599035774
42.2 1527.05809485453
42.3 1526.80528997498
42.4 1526.55750982056
42.5 1526.31468852641
42.6 1526.07676026172
42.7 1525.84365923005
42.8 1525.61531966972
42.9 1525.39167585425
43 1525.17266209277
43.1 1524.95821273046
43.2 1524.74826214905
43.3 1524.54274476732
43.4 1524.34159504161
43.5 1524.14474746635
43.6 1523.95213657468
43.7 1523.76369693899
43.8 1523.5793631716
43.9 1523.39906992531
44 1523.22275189414
44.1 1523.050343814
44.2 1522.88178046337
44.3 1522.71699666407
44.4 1522.555927282
44.5 1522.39850722794
44.6 1522.24467145834
44.7 1522.09435497613
44.8 1521.94749283164
44.9 1521.8040201234
45 1521.66387199911
45.1 1521.5269836565
45.2 1521.39329034436
45.3 1521.26272736342
45.4 1521.13523006745
45.5 1521.01073386419
45.6 1520.88917421645
45.7 1520.77048664319
45.8 1520.65460672056
45.9 1520.54147008308
46 1520.43101242474
46.1 1520.32316950019
46.2 1520.21787712591
46.3 1520.11507118146
46.4 1520.01468761069
46.5 1519.916662423
46.6 1519.82093169467
46.7 1519.7274315701
46.8 1519.6360982632
46.9 1519.54686805876
47 1519.45967731376
47.1 1519.37446245886
47.2 1519.29115999975
47.3 1519.20970651869
47.4 1519.1300386759
47.5 1519.05209321113
47.6 1518.97580694513
47.7 1518.90111678125
47.8 1518.82795970693
47.9 1518.7562727954
48 1518.6859932072
48.1 1518.61705819187
48.2 1518.54940508958
48.3 1518.48297133286
48.4 1518.41769444826
48.5 1518.35351205809
48.6 1518.29036188218
48.7 1518.22818173967
48.8 1518.16690955075
48.9 1518.10648333854
49 1518.04684123089
49.1 1517.98792146225
49.2 1517.92966237555
49.3 1517.8720024241
49.4 1517.81488017352
49.5 1517.75823430369
49.6 1517.70200361071
49.7 1517.64612700888
49.8 1517.59054353269
49.9 1517.53519233889
50 1517.48001270852
50.1 1517.42494404894
50.2 1517.36992589599
50.3 1517.31489791599
50.4 1517.25979990799
50.5 1517.20457180581
50.6 1517.14915368025
50.7 1517.09348574126
50.8 1517.03750834015
50.9 1516.98116197179
51 1516.92438727687
51.1 1516.8671250441
51.2 1516.80931621257
51.3 1516.75090187394
51.4 1516.6918232748
51.5 1516.63202181898
51.6 1516.57143906989
51.7 1516.51001675286
51.8 1516.44769675753
51.9 1516.38442114019
52 1516.32013212625
52.1 1516.25477211259
52.2 1516.18828367001
52.3 1516.1206095457
52.4 1516.05169266565
52.5 1515.98147613717
52.6 1515.90990325131
52.7 1515.83691748545
52.8 1515.76246250573
52.9 1515.68648216959
53 1515.60892052834
53.1 1515.52972182967
53.2 1515.44883052023
53.3 1515.36619124819
53.4 1515.28174886581
53.5 1515.19544843207
53.6 1515.10723521522
53.7 1515.01705469543
53.8 1514.92485256738
53.9 1514.83057474292
54 1514.73416735369
54.1 1514.63557675377
54.2 1514.53474952233
54.3 1514.4316324663
54.4 1514.32617262304
54.5 1514.21831726299
54.6 1514.10801389241
54.7 1513.995210256
54.8 1513.87985433963
54.9 1513.76189437307
55 1513.64127883262
55.1 1513.51795644388
55.2 1513.39187618443
55.3 1513.26298728657
55.4 1513.13123924003
55.5 1512.99658179469
55.6 1512.85896496329
55.7 1512.71833902419
55.8 1512.57465452408
55.9 1512.42786228071
56 1512.27791338563
56.1 1512.12475920689
56.2 1511.96835139182
56.3 1511.80864186971
56.4 1511.6455828546
56.5 1511.47912684793
56.6 1511.30922664133
56.7 1511.13583531931
56.8 1510.95890626201
56.9 1510.77839314786
57 1510.59424995637
57.1 1510.40643097079
57.2 1510.21489078083
57.3 1510.01958428534
57.4 1509.82046669504
57.5 1509.61749353519
57.6 1509.41062064826
57.7 1509.19980419665
57.8 1508.98500066529
57.9 1508.76616686436
58 1508.54325993191
58.1 1508.31623733652
58.2 1508.08505687993
58.3 1507.84967669966
58.4 1507.61005527162
58.5 1507.36615141275
58.6 1507.11792428355
58.7 1506.86533339071
58.8 1506.60833858969
58.9 1506.34690008723
59 1506.08097844391
59.1 1505.81053457673
59.2 1505.53552976155
59.3 1505.25592563566
59.4 1504.97168420021
59.5 1504.68276782275
59.6 1504.38913923961
59.7 1504.09076155843
59.8 1503.7875982605
59.9 1503.47961320321
60 1503.16677062246
60.1 1502.849035135
60.2 1502.52637174077
60.3 1502.19874582528
60.4 1501.8661231619
60.5 1501.52846991417
60.6 1501.18575263805
60.7 1500.83793828419
60.8 1500.48499420019
60.9 1500.12688813275
61 1499.76358822994
61.1 1499.3950630433
61.2 1499.02128153001
61.3 1498.64221305503
61.4 1498.25782739317
61.5 1497.86809473117
61.6 1497.47298566978
61.7 1497.07247122572
61.8 1496.66652283375
61.9 1496.25511234859
62 1495.83821204689
62.1 1495.41579462915
62.2 1494.9878332216
62.3 1494.55430137808
62.4 1494.11517308185
62.5 1493.67042274745
62.6 1493.22002522241
62.7 1492.76395578907
62.8 1492.30219016623
62.9 1491.83470451092
63 1491.36147541998
63.1 1490.88247993176
63.2 1490.39769552766
63.3 1489.90710013375
63.4 1489.41067212226
63.5 1488.9083903131
63.6 1488.40023397536
63.7 1487.88618282868
63.8 1487.36621704473
63.9 1486.84031724851
64 1486.30846451976
64.1 1485.7706403942
64.2 1485.22682686482
64.3 1484.67700638313
64.4 1484.12116186032
64.5 1483.55927666846
64.6 1482.9913346416
64.7 1482.41732007688
64.8 1481.83721773557
64.9 1481.25101284408
65 1480.65869109496
65.1 1480.06023864783
65.2 1479.45564213027
65.3 1478.84488863872
65.4 1478.22796573929
65.5 1477.60486146855
65.6 1476.97556433426
65.7 1476.34006331614
65.8 1475.69834786649
65.9 1475.05040791084
66 1474.39623384856
66.1 1473.73581655338
66.2 1473.06914737396
66.3 1472.3962181343
66.4 1471.71702113421
66.5 1471.03154914972
66.6 1470.33979543339
66.7 1469.64175371466
66.8 1468.93741820008
66.9 1468.22678357358
67 1467.50984499665
67.1 1466.78659810846
67.2 1466.05703902599
67.3 1465.32116434409
67.4 1464.57897113548
67.5 1463.83045695075
67.6 1463.07561981831
67.7 1462.31445824423
67.8 1461.54697121217
67.9 1460.7731581831
68 1459.99301909514
68.1 1459.20655436326
68.2 1458.41376487893
68.3 1457.61465200982
68.4 1456.80921759933
68.5 1455.9974639662
68.6 1455.17939390398
68.7 1454.3550106805
68.8 1453.52431803733
68.9 1452.68732018911
69 1451.84402182293
69.1 1450.9944280976
69.2 1450.13854464292
69.3 1449.27637755885
69.4 1448.40793341473
69.5 1447.53321924838
69.6 1446.65224256515
69.7 1445.76501133702
69.8 1444.87153400153
69.9 1443.97181946078
70 1443.06587708031
70.1 1442.15371668797
70.2 1441.23534857278
70.3 1440.31078348365
70.4 1439.38003262818
70.5 1438.44310767131
70.6 1437.50002073401
70.7 1436.55078439187
70.8 1435.59541167368
70.9 1434.63391605998
71 1433.66631148152
71.1 1432.6926123177
71.2 1431.71283339502
71.3 1430.7269899854
71.4 1429.73509780454
71.5 1428.73717301017
71.6 1427.73323220033
71.7 1426.72329241154
71.8 1425.70737111698
71.9 1424.68548622461
72 1423.65765607526
72.1 1422.62389944065
72.2 1421.58423552145
72.3 1420.53868394517
72.4 1419.48726476416
72.5 1418.42999845344
72.6 1417.3669059086
72.7 1416.29800844358
72.8 1415.22332778847
72.9 1414.14288608722
73 1413.05670589537
73.1 1411.96481017771
73.2 1410.86722230589
73.3 1409.76396605603
73.4 1408.65506560626
73.5 1407.54054553428
73.6 1406.4204308148
73.7 1405.29474681702
73.8 1404.16351930203
73.9 1403.02677442021
74 1401.88453870857
74.1 1400.73683908806
74.2 1399.58370286088
74.3 1398.4251577077
74.4 1397.26123168487
74.5 1396.09195322167
74.6 1394.91735111739
74.7 1393.73745453849
74.8 1392.5522930157
74.9 1391.36189644106
75 1390.16629506497
75.1 1388.9655194932
75.2 1387.75960068383
75.3 1386.54856994425
75.4 1385.33245892803
75.5 1384.11129963183
75.6 1382.88512439228
75.7 1381.65396588276
75.8 1380.4178571103
75.9 1379.17683141226
76 1377.93092245318
76.1 1376.68016422147
76.2 1375.42459102609
76.3 1374.16423749331
76.4 1372.89913856329
76.5 1371.6293294868
76.6 1370.35484582176
76.7 1369.07572342986
76.8 1367.79199847317
76.9 1366.50370741062
77 1365.21088699458
77.1 1363.91357426737
77.2 1362.61180655771
77.3 1361.30562147723
77.4 1359.99505691689
77.5 1358.68015104344
77.6 1357.36094229582
77.7 1356.03746938157
77.8 1354.70977127318
77.9 1353.3778872045
78 1352.04185666706
78.1 1350.70171940641
78.2 1349.35751541844
78.3 1348.00928494567
78.4 1346.6570684736
78.5 1345.3009067269
78.6 1343.94084066574
78.7 1342.57691148203
78.8 1341.20916059566
78.9 1339.8376296507
79 1338.46236051168
79.1 1337.08339525977
79.2 1335.70077618895
79.3 1334.31454580227
79.4 1332.92474680796
79.5 1331.53142211568
79.6 1330.13461483263
79.7 1328.73436825973
79.8 1327.33072588778
79.9 1325.92373139361
80 1324.51342863624
80.1 1323.09986165297
80.2 1321.68307465557
80.3 1320.26311202637
80.4 1318.84001831442
80.5 1317.41383823161
80.6 1315.98461664876
80.7 1314.5523985918
80.8 1313.11722923783
80.9 1311.6791539113
81 1310.23821808007
81.1 1308.79446735158
81.2 1307.34794746895
81.3 1305.8987043071
81.4 1304.44678386889
81.5 1302.99223228124
81.6 1301.53509579123
81.7 1300.07542076231
81.8 1298.61325367035
81.9 1297.14864109986
82 1295.68162974006
82.1 1294.21226638111
82.2 1292.74059791022
82.3 1291.26667130783
82.4 1289.79053364376
82.5 1288.31223207345
82.6 1286.83181383408
82.7 1285.34932624078
82.8 1283.86481668289
82.9 1282.3783326201
83 1280.8899215787
83.1 1279.39963114784
83.2 1277.90750897574
83.3 1276.41360276596
83.4 1274.91796027366
83.5 1273.42062930189
83.6 1271.92165769787
83.7 1270.42109334931
83.8 1268.91898418069
83.9 1267.41537814965
84 1265.91032324328
84.1 1264.4038674745
84.2 1262.89605887844
84.3 1261.38694550885
84.4 1259.87657543444
84.5 1258.36499673537
84.6 1256.85225749966
84.7 1255.33840581965
84.8 1253.82348978845
84.9 1252.30755749646
85 1250.79065702789
85.1 1249.27283645723
85.2 1247.75414384586
85.3 1246.23462723858
85.4 1244.71433466017
85.5 1243.19331411207
85.6 1241.67161356894
85.7 1240.1492809753
85.8 1238.62636424226
85.9 1237.10291124414
86 1235.57896981521
86.1 1234.05458774643
86.2 1232.52981278217
86.3 1231.00469261701
86.4 1229.47927489253
86.5 1227.95360719414
86.6 1226.42773704791
86.7 1224.90171191744
86.8 1223.37557920076
86.9 1221.84938622726
87 1220.32318025459
87.1 1218.79700846565
87.2 1217.27091796559
87.3 1215.7449557788
87.4 1214.21916884599
87.5 1212.69360402119
87.6 1211.16830806893
87.7 1209.64332766129
87.8 1208.11870937505
87.9 1206.59449968891
88 1205.07074498065
88.1 1203.54749152435
88.2 1202.02478548767
88.3 1200.5026729291
88.4 1198.98119979531
88.5 1197.46041191843
88.6 1195.94035501346
88.7 1194.42107467564
88.8 1192.90261637788
88.9 1191.38502546818
89 1189.86834716715
89.1 1188.35262656549
89.2 1186.83790862151
89.3 1185.32423815874
89.4 1183.81165986347
89.5 1182.3002182824
89.6 1180.78995782029
89.7 1179.28092273764
89.8 1177.77315714837
89.9 1176.26670501762
90 1174.76161015945
90.1 1173.25791623471
90.2 1171.75566674879
90.3 1170.25490504956
90.4 1168.75567432519
90.5 1167.25801760211
90.6 1165.76197774295
90.7 1164.26759744451
90.8 1162.77491923577
90.9 1161.28398547596
91 1159.79483835259
91.1 1158.30751987955
91.2 1156.82207189529
91.3 1155.33853606092
91.4 1153.85695385846
91.5 1152.37736658901
91.6 1150.89981537102
91.7 1149.4243411386
91.8 1147.9509846398
91.9 1146.47978643495
92 1145.01078689508
92.1 1143.54402620026
92.2 1142.07954433809
92.3 1140.61738110214
92.4 1139.15757609045
92.5 1137.70016870403
92.6 1136.24519814548
92.7 1134.7927034175
92.8 1133.34272332155
92.9 1131.8952964565
93 1130.45046121728
93.1 1129.0082557936
93.2 1127.56871816868
93.3 1126.13188611802
93.4 1124.6977972082
93.5 1123.26648879568
93.6 1121.83799802569
93.7 1120.41236183108
93.8 1118.98961693124
93.9 1117.56979983106
94 1116.15294681988
94.1 1114.7390939705
94.2 1113.32827713819
94.3 1111.92053195976
94.4 1110.51589385266
94.5 1109.11439801407
94.6 1107.71607942005
94.7 1106.32097282469
94.8 1104.92911275935
94.9 1103.54053353186
95 1102.15526922576
95.1 1100.77335369961
95.2 1099.39482058628
95.3 1098.01970329227
95.4 1096.64803499712
95.5 1095.27984865276
95.6 1093.91517698292
95.7 1092.55405248261
95.8 1091.19650741756
95.9 1089.84257382371
96 1088.49228350676
96.1 1087.14566804169
96.2 1085.80275877235
96.3 1084.46358681103
96.4 1083.12818303814
96.5 1081.79657810177
96.6 1080.46880241746
96.7 1079.14488616783
96.8 1077.82485930233
96.9 1076.50875153697
97 1075.19659235411
97.1 1073.88841100224
97.2 1072.58423649582
97.3 1071.28409761507
97.4 1069.98802290589
97.5 1068.69604067973
97.6 1067.40817901349
97.7 1066.12446574945
97.8 1064.84492849524
97.9 1063.56959462383
98 1062.29849127347
98.1 1061.03164534778
98.2 1059.76908351577
98.3 1058.51083221186
98.4 1057.25691763603
98.5 1056.0073657539
98.6 1054.76220229681
98.7 1053.52145276206
98.8 1052.28514241297
98.9 1051.05329627916
99 1049.82593915669
99.1 1048.60309560831
99.2 1047.38478996368
99.3 1046.17104631969
99.4 1044.96188854067
99.5 1043.75734025874
99.6 1042.55742487409
99.7 1041.36216555534
99.8 1040.17158523989
99.9 1038.98570663428
100 1037.80455221456
