0 100
0.1 99.6960541456511
0.2 99.3933309225751
0.3 99.0918378491206
0.4 98.7915738528183
0.5 98.4925378295398
0.6 98.1947286437692
0.7 97.8981451288762
0.8 97.6027860873889
0.9 97.308650291268
1 97.0157364821812
1.1 96.7240433717784
1.2 96.433569641967
1.3 96.1443139451885
1.4 95.8562749046946
1.5 95.5694511148243
1.6 95.2838411412808
1.7 94.9994435214095
1.8 94.7162567644756
1.9 94.4342793519422
2 94.1535097377484
2.1 93.8739463485877
2.2 93.5955875841867
2.3 93.3184318175834
2.4 93.0424773954058
2.5 92.7677226381506
2.6 92.4941658404617
2.7 92.2218052714085
2.8 91.9506391747642
2.9 91.6806657692843
3 91.4118832489842
3.1 91.144289783417
3.2 90.8778835179513
3.3 90.612662574048
3.4 90.3486250495371
3.5 90.0857690188949
3.6 89.8240925335191
3.7 89.5635936220052
3.8 89.3042702904213
3.9 89.0461205225831
4 88.7891422803277
4.1 88.5333335037878
4.2 88.2786921116641
4.3 88.0252160014979
4.4 87.7729030499433
4.5 87.5217511130377
4.6 87.2717580264724
4.7 87.0229216058624
4.8 86.7752396470151
4.9 86.5287099261983
5 86.283330200408
5.1 86.0390982076339
5.2 85.7960116671261
5.3 85.5540682796587
5.4 85.3132657277941
5.5 85.073601676146
5.6 84.8350737716406
5.7 84.5976796437779
5.8 84.3614169048913
5.9 84.1262831504064
6 83.8922759590989
6.1 83.6593928933509
6.2 83.4276314994064
6.3 83.1969893076261
6.4 82.9674638327402
6.5 82.7390525741003
6.6 82.5117530159309
6.7 82.2855626275786
6.8 82.0604788637602
6.9 81.8364991648106
7 81.6136209569281
7.1 81.3918416524191
7.2 81.1711586499417
7.3 80.951569334747
7.4 80.7330710789207
7.5 80.5156612416214
7.6 80.2993371693188
7.7 80.0840961960306
7.8 79.8699356435571
7.9 79.6568528217149
8 79.4448450285695
8.1 79.2339095506657
8.2 79.0240436632572
8.3 78.8152446305342
8.4 78.60750970585
8.5 78.4008361319456
8.6 78.1952211411731
8.7 77.9906619557179
8.8 77.7871557878184
8.9 77.584699839985
9 77.3832913052172
9.1 77.1829273672194
9.2 76.9836052006145
9.3 76.7853219711568
9.4 76.5880748359424
9.5 76.3918609436185
9.6 76.1966774345913
9.7 76.0025214412316
9.8 75.8093900880791
9.9 75.6172804920455
10 75.4261897626151
10.1 75.2361150020443
10.2 75.0470533055596
10.3 74.8590017615531
10.4 74.6719574517773
10.5 74.4859174515375
10.6 74.3008788298832
10.7 74.1168386497968
10.8 73.9337939683818
10.9 73.7517418370481
11 73.5706793016969
11.1 73.3906034029025
11.2 73.2115111760934
11.3 73.0333996517313
11.4 72.8562658554884
11.5 72.6801068084233
11.6 72.5049195271541
11.7 72.3307010240316
11.8 72.1574483073085
11.9 71.9851583813094
12 71.8138282465965
12.1 71.6434549001358
12.2 71.47403533546
12.3 71.3055665428303
12.4 71.1380455093967
12.5 70.9714692193559
12.6 70.8058346541081
12.7 70.6411387924115
12.8 70.4773786105357
12.9 70.3145510824126
13 70.1526531797865
13.1 69.9916818723613
13.2 69.8316341279475
13.3 69.6725069126054
13.4 69.5142971907887
13.5 69.3570019254853
13.6 69.2006180783559
13.7 69.0451426098724
13.8 68.8905724794527
13.9 68.7369046455954
14 68.5841360660119
14.1 68.432263697757
14.2 68.2812844973582
14.3 68.1311954209421
14.4 67.9819934243607
14.5 67.8336754633147
14.6 67.686238493476
14.7 67.5396794706081
14.8 67.3939953506845
14.9 67.2491830900062
15 67.1052396453169
15.1 66.9621619739167
15.2 66.8199470337744
15.3 66.6785917836378
15.4 66.5380931831426
15.5 66.3984481929195
15.6 66.2596537746994
15.7 66.1217068914176
15.8 65.9846045073161
15.9 65.8483435880439
16 65.7129211007563
16.1 65.5783340142125
16.2 65.4445792988708
16.3 65.311653926983
16.4 65.1795548726875
16.5 65.0482791120998
16.6 64.9178236234023
16.7 64.7881853869321
16.8 64.6593613852673
16.9 64.531348603312
17 64.4041440283796
17.1 64.277744650274
17.2 64.1521474613704
17.3 64.0273494566939
17.4 63.9033476339964
17.5 63.7801389938328
17.6 63.6577205396345
17.7 63.536089277783
17.8 63.4152422176801
17.9 63.2951763718185
18 63.1758887558499
18.1 63.0573763886515
18.2 62.9396362923919
18.3 62.8226654925949
18.4 62.706461018202
18.5 62.5910199016338
18.6 62.4763391788495
18.7 62.3624158894054
18.8 62.2492470765117
18.9 62.1368297870885
19 62.0251610718195
19.1 61.9142379852054
19.2 61.8040575856152
19.3 61.6946169353362
19.4 61.5859131006233
19.5 61.4779431517462
19.6 61.3707041630357
19.7 61.2641932129289
19.8 61.1584073840126
19.9 61.0533437630658
20 60.9489994411007
20.1 60.8453715134028
20.2 60.7424570795692
20.3 60.6402532435461
20.4 60.5387571136653
20.5 60.4379658026784
20.6 60.3378764277911
20.7 60.2384861106958
20.8 60.1397919776024
20.9 60.0417911592689
21 59.9444807910303
21.1 59.8478580128264
21.2 59.7519199692287
21.3 59.6566638094656
21.4 59.5620866874472
21.5 59.4681857617887
21.6 59.374958195832
21.7 59.2824011576679
21.8 59.1905118201551
21.9 59.0992873609399
22 59.0087249624739
22.1 58.918821812031
22.2 58.8295751017231
22.3 58.740982028515
22.4 58.6530397942383
22.5 58.5657456056042
22.6 58.4790966742151
22.7 58.3930902165757
22.8 58.3077234541029
22.9 58.2229936131344
23 58.1388979249369
23.1 58.0554336257131
23.2 57.9725979566076
23.3 57.8903881637123
23.4 57.8088014980705
23.5 57.7278352156804
23.6 57.6474865774975
23.7 57.5677528494362
23.8 57.4886313023705
23.9 57.410119212134
24 57.3322138595189
24.1 57.2549125302743
24.2 57.1782125151033
24.3 57.1021111096601
24.4 57.0266056145451
24.5 56.9516933353008
24.6 56.8773715824051
24.7 56.8036376712653
24.8 56.730488922211
24.9 56.6579226604853
25 56.585936216237
25.1 56.5145269245101
25.2 56.4436921252345
25.3 56.3734291632146
25.4 56.3037353881177
25.5 56.2346081544621
25.6 56.1660448216036
25.7 56.0980427537226
25.8 56.0305993198092
25.9 55.9637118936486
26 55.8973778538058
26.1 55.8315945836093
26.2 55.766359471134
26.3 55.7016699091848
26.4 55.6375232952778
26.5 55.5739170316223
26.6 55.5108485251017
26.7 55.4483151872541
26.8 55.3863144342517
26.9 55.3248436868805
27 55.2639003705194
27.1 55.2034819151179
27.2 55.1435857551745
27.3 55.0842093297136
27.4 55.0253500822627
27.5 54.9670054608289
27.6 54.9091729178743
27.7 54.8518499102921
27.8 54.7950338993815
27.9 54.738722350822
28 54.6829127346483
28.1 54.6276025252236
28.2 54.5727892012132
28.3 54.5184702455576
28.4 54.4646431454453
28.5 54.411305392285
28.6 54.3584544816773
28.7 54.306087913387
28.8 54.2542031913141
28.9 54.2027978234643
29 54.1518693219205
29.1 54.1014152028127
29.2 54.0514329862883
29.3 54.0019201964816
29.4 53.9528743614838
29.5 53.9042930133119
29.6 53.8561736878779
29.7 53.8085139249577
29.8 53.7613112681595
29.9 53.7145632648923
30 53.6682674663337
30.1 53.6224214273984
30.2 53.5770227067056
30.3 53.5320688665467
30.4 53.4875574728524
30.5 53.4434860951605
30.6 53.3998523065826
30.7 53.3566536837714
30.8 53.3138878068869
30.9 53.271552259564
31 53.2296446288783
31.1 53.1881625053132
31.2 53.1471034827259
31.3 53.1064651583142
31.4 53.0662451325821
31.5 53.0264410093067
31.6 52.987050395504
31.7 52.9480709013948
31.8 52.9095001403715
31.9 52.8713357289634
32 52.833575286803
32.1 52.7962164365924
32.2 52.7592568040686
32.3 52.7226940179705
32.4 52.6865257100042
32.5 52.6507495148095
32.6 52.6153630699259
32.7 52.580364015759
32.8 52.5457499955467
32.9 52.5115186553255
33 52.477667643897
33.1 52.4441946127944
33.2 52.411097216249
33.3 52.3783731111573
33.4 52.3460199570473
33.5 52.314035416046
33.6 52.2824171528462
33.7 52.2511628346739
33.8 52.2202701312555
33.9 52.1897367147857
34 52.1595602598948
34.1 52.1297384436173
34.2 52.100268945359
34.3 52.0711494468665
34.4 52.0423776321947
34.5 52.0139511876761
34.6 51.9858678018896
34.7 51.9581251656296
34.8 51.9307209718756
34.9 51.9036529157617
35 51.8769186945468
35.1 51.8505160075844
35.2 51.8244425562936
35.3 51.7986960441292
35.4 51.7732741765535
35.5 51.7481746610071
35.6 51.7233952068809
35.7 51.6989335254878
35.8 51.6747873300351
35.9 51.6509543355976
36 51.6274322590896
36.1 51.6042188192394
36.2 51.5813117365621
36.3 51.5587087333341
36.4 51.5364075335673
36.5 51.5144058629842
36.6 51.492701448993
36.7 51.4712920206628
36.8 51.4501753087006
36.9 51.4293490454264
37 51.4088109647514
37.1 51.3885588021542
37.2 51.3685902946592
37.3 51.3489031808145
37.4 51.3294952006702
37.5 51.3103640957583
37.6 51.2915076090715
37.7 51.2729234850433
37.8 51.2546094695289
37.9 51.2365633097859
38 51.2187827544557
38.1 51.2012655535456
38.2 51.1840094584114
38.3 51.1670122217403
38.4 51.1502715975342
38.5 51.1337853410943
38.6 51.1175512090052
38.7 51.1015669591204
38.8 51.0858303505477
38.9 51.0703391436356
39 51.0550910999604
39.1 51.040083982313
39.2 51.0253155546873
39.3 51.0107835822687
39.4 50.9964858314232
39.5 50.9824200696871
39.6 50.9685840657574
39.7 50.9549755894826
39.8 50.9415924118547
39.9 50.9284323050009
40 50.9154930421766
40.1 50.9027723977589
40.2 50.8902681472407
40.3 50.8779780672255
40.4 50.8658999354223
40.5 50.8540315306424
40.6 50.8423706327955
40.7 50.8309150228874
40.8 50.8196624830178
40.9 50.808610796379
41 50.7977577472558
41.1 50.787101121025
41.2 50.7766387041561
41.3 50.7663682842136
41.4 50.7562876498581
41.5 50.7463945908499
41.6 50.7366868980526
41.7 50.7271623634367
41.8 50.7178187800856
41.9 50.7086539422005
42 50.6996656451073
42.1 50.6908516852639
42.2 50.6822098602677
42.3 50.6737379688649
42.4 50.6654338109593
42.5 50.6572951876228
42.6 50.6493199011064
42.7 50.6415057548517
42.8 50.6338505535034
42.9 50.6263521029225
43 50.6190082102003
43.1 50.611816683673
43.2 50.6047753329375
43.3 50.5978819688673
43.4 50.5911344036299
43.5 50.5845304507042
43.6 50.5780679248998
43.7 50.5717446423756
43.8 50.5655584206605
43.9 50.5595070786745
44 50.5535884367498
44.1 50.5478003166542
44.2 50.5421405416136
44.3 50.5366069363369
44.4 50.5311973270405
44.5 50.5259095414742
44.6 50.5207414089479
44.7 50.5156907603585
44.8 50.5107554282184
44.9 50.5059332466846
45 50.5012220515881
45.1 50.4966196804648
45.2 50.4921239725863
45.3 50.4877327689931
45.4 50.4834439125264
45.5 50.4792552478631
45.6 50.4751646215494
45.7 50.4711698820366
45.8 50.4672688797176
45.9 50.4634594669636
46 50.459739498162
46.1 50.4561068297549
46.2 50.4525593202792
46.3 50.4490948304058
46.4 50.4457112229817
46.5 50.4424063630713
46.6 50.439178117999
46.7 50.4360243573929
46.8 50.4329429532293
46.9 50.4299317798771
47 50.4269887141442
47.1 50.424111635324
47.2 50.4212984252427
47.3 50.4185469683079
47.4 50.415855151557
47.5 50.4132208647077
47.6 50.4106420002081
47.7 50.4081164532883
47.8 50.4056421220122
47.9 50.403216907331
48 50.4008387131364
48.1 50.398505446315
48.2 50.3962150168038
48.3 50.3939653376461
48.4 50.3917543250481
48.5 50.3895798984363
48.6 50.387439980516
48.7 50.3853324973299
48.8 50.3832553783181
48.9 50.3812065563783
49 50.379183967927
49.1 50.3771855529614
49.2 50.3752092551221
49.3 50.3732530217562
49.4 50.3713148039812
49.5 50.3693925567502
49.6 50.3674842389168
49.7 50.3655878133013
49.8 50.3637012467577
49.9 50.361822510241
50 50.3599495788751
50.1 50.3580804320221
50.2 50.3562130533511
50.3 50.3543454309088
50.4 50.3524755571901
50.5 50.3506014292092
50.6 50.348721048572
50.7 50.3468324215485
50.8 50.344933559146
50.9 50.3430224771829
51 50.3410971963635
51.1 50.3391557423525
51.2 50.3371961458509
51.3 50.3352164426723
51.4 50.3332146738192
51.5 50.3311888855608
51.6 50.3291371295105
51.7 50.3270574627045
51.8 50.3249479476805
51.9 50.3228066525573
52 50.3206316511146
52.1 50.3184210228737
52.2 50.3161728531781
52.3 50.313885233275
52.4 50.3115562603975
52.5 50.3091840378465
52.6 50.3067666750737
52.7 50.3043022877649
52.8 50.3017889979235
52.9 50.2992249339548
53 50.2966082307502
53.1 50.2939370297722
53.2 50.29120947914
53.3 50.2884237337146
53.4 50.285577955185
53.5 50.2826703121549
53.6 50.2796989802289
53.7 50.2766621420998
53.8 50.273557987636
53.9 50.270384713969
54 50.2671405255811
54.1 50.2638236343942
54.2 50.2604322598579
54.3 50.2569646290384
54.4 50.253418976707
54.5 50.2497935454303
54.6 50.2460865856584
54.7 50.2422963558157
54.8 50.2384211223897
54.9 50.2344591600219
55 50.2304087515971
55.1 50.2262681883344
55.2 50.2220357698772
55.3 50.2177098043842
55.4 50.2132886086195
55.5 50.2087705080438
55.6 50.2041538369051
55.7 50.1994369383298
55.8 50.1946181644132
55.9 50.1896958763112
56 50.1846684443308
56.1 50.1795342480211
56.2 50.1742916762649
56.3 50.1689391273691
56.4 50.1634750091562
56.5 50.1578977390548
56.6 50.1522057441907
56.7 50.1463974614778
56.8 50.1404713377086
56.9 50.1344258296448
57 50.128259404108
57.1 50.1219705380699
57.2 50.1155577187424
57.3 50.1090194436679
57.4 50.1023542208086
57.5 50.0955605686368
57.6 50.0886370162239
57.7 50.0815821033298
57.8 50.0743943804917
57.9 50.0670724091127
58 50.0596147615507
58.1 50.052020021206
58.2 50.0442867826093
58.3 50.0364136515093
58.4 50.0283992449598
58.5 50.0202421914065
58.6 50.0119411307734
58.7 50.003494714549
58.8 49.9949016058718
58.9 49.9861604796154
59 49.9772700224739
59.1 49.9682289330457
59.2 49.9590359219175
59.3 49.949689711748
59.4 49.9401890373507
59.5 49.930532645776
59.6 49.9207192963936
59.7 49.9107477609738
59.8 49.9006168237679
59.9 49.8903252815888
60 49.8798719438906
60.1 49.8692556328477
60.2 49.8584751834329
60.3 49.8475294434957
60.4 49.8364172738391
60.5 49.8251375482964
60.6 49.8136891538065
60.7 49.8020709904897
60.8 49.7902819717216
60.9 49.778321024207
61 49.7661870880528
61.1 49.7538791168405
61.2 49.7413960776969
61.3 49.7287369513658
61.4 49.715900732277
61.5 49.7028864286157
61.6 49.6896930623907
61.7 49.6763196695019
61.8 49.6627652998066
61.9 49.6490290171853
62 49.6351098996065
62.1 49.6210070391906
62.2 49.6067195422728
62.3 49.5922465294653
62.4 49.5775871357181
62.5 49.5627405103796
62.6 49.5477058172557
62.7 49.5324822346676
62.8 49.5170689555096
62.9 49.5014651873052
63 49.485670152262
63.1 49.4696830873264
63.2 49.4535032442361
63.3 49.437129889573
63.4 49.4205623048136
63.5 49.4037997863791
63.6 49.3868416456845
63.7 49.3696872091861
63.8 49.3523358184283
63.9 49.334786830089
64 49.3170396160242
64.1 49.2990935633108
64.2 49.2809480742894
64.3 49.2626025666045
64.4 49.2440564732445
64.5 49.2253092425806
64.6 49.2063603384035
64.7 49.18720923996
64.8 49.1678554419878
64.9 49.1482984547489
65 49.1285378040627
65.1 49.1085730313364
65.2 49.0884036935955
65.3 49.0680293635123
65.4 49.0474496294332
65.5 49.0266640954049
65.6 49.0056723811992
65.7 48.9844741223367
65.8 48.9630689701085
65.9 48.9414565915976
66 48.9196366696982
66.1 48.8976089031341
66.2 48.8753730064754
66.3 48.8529287101543
66.4 48.830275760479
66.5 48.8074139196468
66.6 48.7843429657554
66.7 48.7610626928131
66.8 48.7375729107478
66.9 48.7138734454136
67 48.6899641385975
67.1 48.6658448480239
67.2 48.6415154473573
67.3 48.6169758262045
67.4 48.5922258901149
67.5 48.5672655605795
67.6 48.5420947750283
67.7 48.5167134868265
67.8 48.4911216652694
67.9 48.4653192955756
68 48.4393063788785
68.1 48.4130829322177
68.2 48.3866489885269
68.3 48.3600045966224
68.4 48.3331498211886
68.5 48.3060847427633
68.6 48.2788094577206
68.7 48.2513240782529
68.8 48.2236287323512
68.9 48.1957235637844
69 48.1676087320765
69.1 48.1392844124828
69.2 48.1107507959649
69.3 48.0820080891634
69.4 48.0530565143702
69.5 48.0238963094984
69.6 47.9945277280517
69.7 47.9649510390918
69.8 47.935166527204
69.9 47.9051744924627
70 47.874975250394
70.1 47.8445691319374
70.2 47.8139564834071
70.3 47.7831376664497
70.4 47.7521130580029
70.5 47.720883050251
70.6 47.6894480505798
70.7 47.65780848153
70.8 47.6259647807493
70.9 47.5939174009426
71 47.5616668098216
71.1 47.5292134900522
71.2 47.4965579392014
71.3 47.463700669682
71.4 47.4306422086962
71.5 47.3973830981784
71.6 47.3639238947358
71.7 47.3302651695884
71.8 47.2964075085067
71.9 47.2623515117494
72 47.2280977939987
72.1 47.1936469842946
72.2 47.1589997259683
72.3 47.1241566765733
72.4 47.0891185078167
72.5 47.0538859054875
72.6 47.0184595693852
72.7 46.9828402132462
72.8 46.9470285646691
72.9 46.911025365039
73 46.8748313694503
73.1 46.8384473466285
73.2 46.8018740788505
73.3 46.7651123618641
73.4 46.7281630048061
73.5 46.6910268301189
73.6 46.6537046734666
73.7 46.6161973836493
73.8 46.5785058225166
73.9 46.5406308648802
74 46.5025733984246
74.1 46.4643343236174
74.2 46.4259145536183
74.3 46.3873150141868
74.4 46.3485366435893
74.5 46.3095803925045
74.6 46.2704472239283
74.7 46.2311381130774
74.8 46.191654047292
74.9 46.1519960259373
75 46.1121650603044
75.1 46.0721621735095
75.2 46.031988400393
75.3 45.9916447874172
75.4 45.9511323925628
75.5 45.9104522852252
75.6 45.8696055461091
75.7 45.8285932671227
75.8 45.7874165512711
75.9 45.7460765125484
76 45.7045742758291
76.1 45.662910976759
76.2 45.6210877616452
76.3 45.5791057873445
76.4 45.5369662211522
76.5 45.4946702406895
76.6 45.4522190337901
76.7 45.4096137983861
76.8 45.3668557423935
76.9 45.3239460835968
77 45.2808860495325
77.1 45.2376768773727
77.2 45.1943198138075
77.3 45.1508161149267
77.4 45.1071670461017
77.5 45.0633738818652
77.6 45.0194379057923
77.7 44.9753604103793
77.8 44.9311426969231
77.9 44.8867860753995
78 44.8422918643408
78.1 44.7976613907137
78.2 44.752895989796
78.3 44.7079970050528
78.4 44.662965788013
78.5 44.6178036981445
78.6 44.5725121027295
78.7 44.5270923767389
78.8 44.4815459027074
78.9 44.4358740706067
79 44.3900782777198
79.1 44.3441599285139
79.2 44.2981204345137
79.3 44.2519612141736
79.4 44.2056836927512
79.5 44.1592893021783
79.6 44.1127794809335
79.7 44.066155673914
79.8 44.0194193323068
79.9 43.9725719134601
80 43.9256148807547
80.1 43.8785497034746
80.2 43.8313778566785
80.3 43.7841008210697
80.4 43.7367200828676
80.5 43.6892371336778
80.6 43.6416534703626
80.7 43.5939705949118
80.8 43.5461900143126
80.9 43.4983132404206
81 43.4503417898298
81.1 43.4022771837433
81.2 43.3541209478434
81.3 43.3058746121628
81.4 43.2575397109543
81.5 43.2091177825624
81.6 43.1606103692935
81.7 43.1120190172871
81.8 43.0633452763865
81.9 43.0145907000105
82 42.9657568450247
82.1 42.9168452716125
82.2 42.8678575431477
82.3 42.818795226066
82.4 42.7696598897371
82.5 42.7204531063377
82.6 42.6711764507239
82.7 42.6218315003043
82.8 42.5724198349132
82.9 42.5229430366847
83 42.473402689926
83.1 42.4238003809925
83.2 42.3741376981618
83.3 42.3244162315092
83.4 42.2746375727829
83.5 42.2248033152801
83.6 42.174915053723
83.7 42.1249743841359
83.8 42.0749829037219
83.9 42.0249422107408
84 41.9748539043873
84.1 41.9247195846693
84.2 41.8745408522871
84.3 41.8243193085134
84.4 41.7740565550727
84.5 41.7237541940227
84.6 41.6734138276351
84.7 41.6230370582778
84.8 41.5726254882969
84.9 41.5221807199
85 41.4717043550396
85.1 41.4211979952977
85.2 41.3706632417702
85.3 41.3201016949528
85.4 41.2695149546268
85.5 41.2189046197464
85.6 41.1682722883258
85.7 41.1176195573277
85.8 41.0669480225521
85.9 41.0162592785258
86 40.965554918393
86.1 40.9148365338063
86.2 40.8641057148186
86.3 40.8133640497754
86.4 40.7626131252085
86.5 40.7118545257299
86.6 40.6610898339271
86.7 40.6103206302582
86.8 40.5595484929488
86.9 40.5087749978894
87 40.4580017185334
87.1 40.4072302257961
87.2 40.3564620879543
87.3 40.3056988705477
87.4 40.2549421362793
87.5 40.2041934449188
87.6 40.1534543532053
87.7 40.1027264147517
87.8 40.0520111799494
87.9 40.0013101958746
88 39.9506250061947
88.1 39.8999571510765
88.2 39.8493081670943
88.3 39.7986795871398
88.4 39.7480729403326
88.5 39.6974897519314
88.6 39.6469315432464
88.7 39.5963998315526
88.8 39.5458961300041
88.9 39.4954219475491
89 39.4449787888462
89.1 39.3945681541815
89.2 39.3441915393866
89.3 39.2938504357576
89.4 39.2435463299753
89.5 39.1932807040259
89.6 39.1430550351232
89.7 39.0928707956316
89.8 39.0427294529898
89.9 38.992632469636
90 38.9425813029337
90.1 38.8925774050986
90.2 38.8426222231267
90.3 38.7927171987231
90.4 38.742863768232
90.5 38.6930633625677
90.6 38.6433174071465
90.7 38.5936273218196
90.8 38.5439945208074
90.9 38.494420412634
91 38.4449064000637
91.1 38.3954538800378
91.2 38.3460642436126
91.3 38.2967388758987
91.4 38.2474791560008
91.5 38.1982864569588
91.6 38.1491621456905
91.7 38.1001075829337
91.8 38.0511241231915
91.9 38.0022131146765
92 37.9533758992576
92.1 37.9046138124068
92.2 37.8559281831479
92.3 37.8073203340051
92.4 37.7587915809538
92.5 37.7103432333715
92.6 37.6619765939903
92.7 37.6136929588498
92.8 37.5654936172518
92.9 37.5173798517154
93 37.4693529379329
93.1 37.4214141447278
93.2 37.3735647340124
93.3 37.3258059607474
93.4 37.278139072902
93.5 37.2305653114152
93.6 37.1830859101581
93.7 37.1357020958966
93.8 37.0884150882564
93.9 37.0412260996873
94 36.9941363354299
94.1 36.9471469934822
94.2 36.9002592645682
94.3 36.8534743321063
94.4 36.8067933721795
94.5 36.7602175535064
94.6 36.7137480374128
94.7 36.6673859778046
94.8 36.6211325211414
94.9 36.5749888064114
95 36.5289559651065
95.1 36.4830351211991
95.2 36.4372273911194
95.3 36.3915338837338
95.4 36.3459557003238
95.5 36.3004939345663
95.6 36.2551496725146
95.7 36.2099239925803
95.8 36.1648179655157
95.9 36.119832654398
96 36.0749691146131
96.1 36.0302283938415
96.2 35.9856115320444
96.3 35.9411195614505
96.4 35.896753506544
96.5 35.8525143840535
96.6 35.8084032029413
96.7 35.764420964394
96.8 35.7205686618134
96.9 35.6768472808089
97 35.6332577991899
97.1 35.5898011869596
97.2 35.5464784063095
97.3 35.5032904116141
97.4 35.4602381494276
97.5 35.4173225584797
97.6 35.3745445696736
97.7 35.3319051060843
97.8 35.2894050829571
97.9 35.2470454077077
98 35.2048269799224
98.1 35.1627506913592
98.2 35.1208174259497
98.3 35.0790280598018
98.4 35.0373834612028
98.5 34.9958844906232
98.6 34.9545320007215
98.7 34.9133268363496
98.8 34.8722698345585
98.9 34.8313618246049
99 34.7906036279588
99.1 34.749996058311
99.2 34.7095399215817
99.3 34.6692360159301
99.4 34.6290851317636
99.5 34.5890880517484
99.6 34.5492455508206
99.7 34.5095583961976
99.8 34.4700273473903
99.9 34.430653156216
100 34.3914365668114
