0 50
0.1 49.855559112338
0.2 49.7116776693351
0.3 49.568359289638
0.4 49.4256036613125
0.5 49.2834104571474
0.6 49.1417793347707
0.7 49.0007099367673
0.8 48.8602018907962
0.9 48.7202548097091
1 48.5808682916684
1.1 48.4420419202662
1.2 48.3037752646438
1.3 48.1660678796108
1.4 48.0289193057652
1.5 47.8923290696137
1.6 47.7562966836921
1.7 47.6208216466857
1.8 47.485903443551
1.9 47.3515415456361
2 47.2177354108027
2.1 47.0844844835476
2.2 46.9517881951242
2.3 46.8196459636648
2.4 46.6880571943024
2.5 46.557021279293
2.6 46.4265375981382
2.7 46.2966055177068
2.8 46.1672243923582
2.9 46.0383935640642
3 45.9101123625317
3.1 45.7823801053254
3.2 45.6551960979904
3.3 45.5285596341743
3.4 45.4024699957503
3.5 45.2769264529391
3.6 45.1519282644315
3.7 45.0274746775109
3.8 44.9035649281753
3.9 44.7801982412593
4 44.6573738305565
4.1 44.5350908989407
4.2 44.4133486384881
4.3 44.2921462305987
4.4 44.1714828461174
4.5 44.0513576454555
4.6 43.9317697787113
4.7 43.8127183857908
4.8 43.6942025965284
4.9 43.5762215308069
5 43.4587742986776
5.1 43.3418600004796
5.2 43.2254777269597
5.3 43.1096265593909
5.4 42.9943055696916
5.5 42.8795138205437
5.6 42.7652503655109
5.7 42.6515142491564
5.8 42.5383045071599
5.9 42.4256201664351
6 42.3134602452461
6.1 42.2018237533233
6.2 42.0907096919797
6.3 41.9801170542259
6.4 41.8700448248851
6.5 41.7604919807078
6.6 41.6514574904855
6.7 41.5429403151647
6.8 41.4349394079595
6.9 41.3274537144647
7 41.2204821727679
7.1 41.1140237135606
7.2 41.0080772602503
7.3 40.9026417290701
7.4 40.7977160291894
7.5 40.6932990628235
7.6 40.589389725342
7.7 40.4859869053783
7.8 40.3830894849363
7.9 40.2806963394986
8 40.1788063381332
8.1 40.0774183435992
8.2 39.9765312124528
8.3 39.876143795152
8.4 39.7762549361615
8.5 39.6768634740558
8.6 39.5779682416229
8.7 39.4795680659665
8.8 39.3816617686084
8.9 39.284248165589
9 39.1873260675686
9.1 39.0908942799272
9.2 38.9949516028636
9.3 38.8994968314944
9.4 38.8045287559518
9.5 38.710046161481
9.6 38.616047828537
9.7 38.5225325328803
9.8 38.4294990456724
9.9 38.3369461335704
10 38.2448725588207
10.1 38.1532770793527
10.2 38.0621584488709
10.3 37.9715154169468
10.4 37.8813467291101
10.5 37.791651126939
10.6 37.70242734815
10.7 37.6136741266866
10.8 37.525390192808
10.9 37.4375742731761
11 37.3502250909426
11.1 37.2633413658348
11.2 37.1769218142413
11.3 37.0909651492961
11.4 37.005470080963
11.5 36.9204353161181
11.6 36.8358595586324
11.7 36.7517415094537
11.8 36.668079866687
11.9 36.5848733256748
12 36.5021205790766
12.1 36.4198203169472
12.2 36.3379712268149
12.3 36.2565719937584
12.4 36.175621300483
12.5 36.0951178273965
12.6 36.0150602526839
12.7 35.9354472523814
12.8 35.8562775004498
12.9 35.7775496688469
13 35.6992624275996
13.1 35.6214144448745
13.2 35.5440043870485
13.3 35.4670309187783
13.4 35.3904927030689
13.5 35.3143884013419
13.6 35.2387166735022
13.7 35.1634761780052
13.8 35.0886655719221
13.9 35.0142835110045
14 34.9403286497495
14.1 34.866799641462
14.2 34.7936951383185
14.3 34.721013791428
14.4 34.6487542508939
14.5 34.5769151658741
14.6 34.5054951846405
14.7 34.4344929546384
14.8 34.3639071225439
14.9 34.293736334322
15 34.223979235283
15.1 34.1546344701383
15.2 34.0857006830556
15.3 34.0171765177134
15.4 33.9490606173546
15.5 33.8813516248395
15.6 33.8140481826981
15.7 33.7471489331811
15.8 33.6806525183115
15.9 33.6145575799336
16 33.548862759763
16.1 33.4835666994348
16.2 33.4186680405517
16.3 33.3541654247308
16.4 33.2900574936501
16.5 33.2263428890944
16.6 33.1630202529999
16.7 33.1000882274988
16.8 33.0375454549623
16.9 32.9753905780441
17 32.9136222397222
17.1 32.8522390833403
17.2 32.7912397526486
17.3 32.7306228918439
17.4 32.670387145609
17.5 32.6105311591513
17.6 32.5510535782405
17.7 32.4919530492465
17.8 32.4332282191758
17.9 32.3748777357071
18 32.3169002472271
18.1 32.259294402865
18.2 32.2020588525262
18.3 32.145192246926
18.4 32.0886932376221
18.5 32.0325604770463
18.6 31.9767926185363
18.7 31.9213883163663
18.8 31.8663462257768
18.9 31.8116650030046
19 31.7573433053108
19.1 31.7033797910099
19.2 31.6497731194966
19.3 31.5965219512731
19.4 31.5436249479753
19.5 31.4910807723987
19.6 31.4388880885232
19.7 31.3870455615378
19.8 31.3355518578643
19.9 31.2844056451811
20 31.2336055924452
20.1 31.1831503699148
20.2 31.1330386491707
20.3 31.0832691031373
20.4 31.033840406103
20.5 30.9847512337399
20.6 30.9360002631233
20.7 30.8875861727501
20.8 30.8395076425571
20.9 30.7917633539385
21 30.7443519897633
21.1 30.6972722343911
21.2 30.6505227736889
21.3 30.6041022950457
21.4 30.558009487388
21.5 30.5122430411939
21.6 30.4668016485072
21.7 30.4216840029503
21.8 30.3768887997374
21.9 30.3324147356868
22 30.2882605092326
22.1 30.2444248204359
22.2 30.2009063709962
22.3 30.1577038642609
22.4 30.1148160052358
22.5 30.0722415005945
22.6 30.0299790586869
22.7 29.9880273895479
22.8 29.9463852049055
22.9 29.905051218188
23 29.8640241445315
23.1 29.8233027007862
23.2 29.7828856055226
23.3 29.7427715790374
23.4 29.7029593433588
23.5 29.6634476222513
23.6 29.6242351412201
23.7 29.5853206275153
23.8 29.5467028101354
23.9 29.5083804198308
24 29.4703521891059
24.1 29.4326168522225
24.2 29.395173145201
24.3 29.3580198058224
24.4 29.3211555736295
24.5 29.2845791899278
24.6 29.2482893977858
24.7 29.2122849420354
24.8 29.1765645692714
24.9 29.1411270278509
25 29.1059710678927
25.1 29.0710954412754
25.2 29.0364989016364
25.3 29.0021802043692
25.4 28.9681381066218
25.5 28.9343713672932
25.6 28.9008787470314
25.7 28.8676590082292
25.8 28.8347109150209
25.9 28.8020332332788
26 28.769624730608
26.1 28.7374841763429
26.2 28.7056103415416
26.3 28.6740019989811
26.4 28.6426579231519
26.5 28.6115768902521
26.6 28.5807576781816
26.7 28.5501990665359
26.8 28.5198998365993
26.9 28.4898587713387
27 28.4600746553957
27.1 28.4305462750802
27.2 28.4012724183624
27.3 28.3722518748651
27.4 28.3434834358557
27.5 28.3149658942379
27.6 28.2866980445436
27.7 28.2586786829237
27.8 28.2309066071396
27.9 28.2033806165537
28 28.1760995121205
28.1 28.1490620963769
28.2 28.1222671734324
28.3 28.0957135489592
28.4 28.0694000301821
28.5 28.0433254258686
28.6 28.0174885463176
28.7 27.9918882033497
28.8 27.9665232102957
28.9 27.9413923819861
29 27.9164945347397
29.1 27.8918284863523
29.2 27.8673930560855
29.3 27.843187064655
29.4 27.8192093342188
29.5 27.7954586883656
29.6 27.7719339521026
29.7 27.7486339518433
29.8 27.7255575153958
29.9 27.7027034719499
30 27.680070652065
30.1 27.6576578876572
30.2 27.6354640119872
30.3 27.6134878596471
30.4 27.5917282665475
30.5 27.5701840699051
30.6 27.5488541082291
30.7 27.5277372213086
30.8 27.506832250199
30.9 27.4861380372092
31 27.4656534258879
31.1 27.4453772610105
31.2 27.4253083885659
31.3 27.4054456557425
31.4 27.3857879109152
31.5 27.3663340036315
31.6 27.3470827845984
31.7 27.3280331056682
31.8 27.3091838198253
31.9 27.2905337811725
32 27.2720818449172
32.1 27.2538268673578
32.2 27.23576770587
32.3 27.2179032188931
32.4 27.2002322659164
32.5 27.1827537074654
32.6 27.165466405088
32.7 27.1483692213414
32.8 27.1314610197778
32.9 27.1147406649312
33 27.0982070223035
33.1 27.0818589583514
33.2 27.0656953404724
33.3 27.0497150369917
33.4 27.0339169171486
33.5 27.018299851083
33.6 27.0028627098225
33.7 26.9876043652685
33.8 26.9725236901836
33.9 26.9576195581783
34 26.9428908436977
34.1 26.9283364220088
34.2 26.9139551691875
34.3 26.8997459621056
34.4 26.8857076784186
34.5 26.8718391965523
34.6 26.8581393956911
34.7 26.8446071557649
34.8 26.8312413574371
34.9 26.8180408820923
35 26.8050046118243
35.1 26.792131429424
35.2 26.7794202183675
35.3 26.7668698628046
35.4 26.754479247547
35.5 26.7422472580567
35.6 26.7301727804353
35.7 26.7182547014119
35.8 26.706491908333
35.9 26.6948832891509
36 26.6834277324133
36.1 26.6721241272527
36.2 26.6609713633761
36.3 26.6499683310546
36.4 26.6391139211132
36.5 26.6284070249215
36.6 26.6178465343831
36.7 26.6074313419271
36.8 26.597160340498
36.9 26.5870324235466
37 26.5770464850215
37.1 26.5672014193602
37.2 26.55749612148
37.3 26.5479294867706
37.4 26.5385004110851
37.5 26.5292077907325
37.6 26.5200505224701
37.7 26.5110275034957
37.8 26.5021376314405
37.9 26.493379804362
38 26.4847529207374
38.1 26.4762558794568
38.2 26.4678875798168
38.3 26.4596469215148
38.4 26.4515328046427
38.5 26.4435441296818
38.6 26.4356797974968
38.7 26.4279387093315
38.8 26.4203197668032
38.9 26.4128218718987
39 26.4054439269697
39.1 26.3981848347289
39.2 26.3910434982463
39.3 26.3840188209452
39.4 26.3771097065999
39.5 26.3703150593319
39.6 26.3636337836077
39.7 26.3570647842364
39.8 26.3506069663676
39.9 26.3442592354895
40 26.3380204974275
40.1 26.3318896583432
40.2 26.3258656247332
40.3 26.3199473034288
40.4 26.3141336015953
40.5 26.3084234267328
40.6 26.3028156866757
40.7 26.297309289594
40.8 26.2919031439938
40.9 26.2865961587191
41 26.281387242953
41.1 26.2762753062198
41.2 26.2712592583875
41.3 26.2663380096698
41.4 26.26151047063
41.5 26.2567755521832
41.6 26.2521321656007
41.7 26.2475792225137
41.8 26.2431156349175
41.9 26.2387403151763
42 26.2344521760279
42.1 26.2302501305894
42.2 26.2261330923628
42.3 26.2220999752406
42.4 26.218149693513
42.5 26.2142811618737
42.6 26.2104932954278
42.7 26.2067850096987
42.8 26.2031552206364
42.9 26.1996028446252
43 26.1961267984924
43.1 26.1927259995176
43.2 26.1893993654415
43.3 26.1861458144754
43.4 26.182964265312
43.5 26.1798536371351
43.6 26.1768128496304
43.7 26.173840822997
43.8 26.1709364779587
43.9 26.1680987357759
44 26.1653265182575
44.1 26.1626187477745
44.2 26.1599743472719
44.3 26.1573922402828
44.4 26.1548713509419
44.5 26.1524106040001
44.6 26.1500089248381
44.7 26.1476652394825
44.8 26.1453784746201
44.9 26.1431475576142
45 26.1409714165206
45.1 26.1388489801039
45.2 26.1367791778542
45.3 26.134760940005
45.4 26.1327931975499
45.5 26.1308748822615
45.6 26.1290049267091
45.7 26.1271822642779
45.8 26.125405829188
45.9 26.1236745565139
46 26.1219873822047
46.1 26.1203432431041
46.2 26.1187410769713
46.3 26.117179822502
46.4 26.1156584193501
46.5 26.1141758081492
46.6 26.1127309305351
46.7 26.1113227291684
46.8 26.1099501477575
46.9 26.1086121310821
47 26.1073076250165
47.1 26.1060355765544
47.2 26.1047949338332
47.3 26.1035846461586
47.4 26.1024036640303
47.5 26.1012509391676
47.6 26.1001254245351
47.7 26.0990260743695
47.8 26.0979518442064
47.9 26.0969016909069
48 26.0958745726858
48.1 26.0948694491392
48.2 26.0938852812725
48.3 26.0929210315295
48.4 26.0919756638212
48.5 26.0910481435546
48.6 26.0901374376635
48.7 26.0892425146374
48.8 26.0883623445527
48.9 26.0874958991031
49 26.0866421516306
49.1 26.0858000771573
49.2 26.084968652417
49.3 26.0841468558872
49.4 26.0833336678219
49.5 26.0825280702839
49.6 26.0817290471785
49.7 26.0809355842867
49.8 26.080146669299
49.9 26.0793612918493
50 26.07857844355
50.1 26.077797118026
50.2 26.0770163109502
50.3 26.076235020079
50.4 26.0754522452876
50.5 26.0746669886062
50.6 26.0738782542565
50.7 26.0730850486879
50.8 26.0722863806147
50.9 26.0714812610533
51 26.0706687033593
51.1 26.0698477232659
51.2 26.0690173389212
51.3 26.0681765709272
51.4 26.0673244423777
51.5 26.066459978898
51.6 26.0655822086829
51.7 26.0646901625373
51.8 26.0637828739148
51.9 26.062859378958
52 26.0619187165389
52.1 26.0609599282986
52.2 26.0599820586885
52.3 26.0589841550107
52.4 26.0579652674594
52.5 26.0569244491618
52.6 26.0558607562199
52.7 26.0547732477521
52.8 26.0536609859349
52.9 26.0525230360455
53 26.0513584665034
53.1 26.0501663489137
53.2 26.0489457581089
53.3 26.0476957721926
53.4 26.0464154725819
53.5 26.045103944051
53.6 26.0437602747741
53.7 26.0423835563697
53.8 26.0409728839433
53.9 26.0395273561319
54 26.0380460751479
54.1 26.0365281468229
54.2 26.0349726806519
54.3 26.0333787898382
54.4 26.031745591337
54.5 26.0300722059008
54.6 26.0283577581236
54.7 26.0266013764856
54.8 26.0248021933983
54.9 26.0229593452495
55 26.021071972448
55.1 26.0191392194689
55.2 26.0171602348988
55.3 26.0151341714809
55.4 26.0130601861602
55.5 26.0109374401291
55.6 26.0087650988725
55.7 26.0065423322133
55.8 26.0042683143576
55.9 26.0019422239406
56 25.9995632440713
56.1 25.9971305623788
56.2 25.9946433710571
56.3 25.9921008669107
56.4 25.9895022514003
56.5 25.9868467306877
56.6 25.9841335156814
56.7 25.9813618220822
56.8 25.978530870428
56.9 25.9756398861393
57 25.9726880995643
57.1 25.969674746024
57.2 25.9665990658571
57.3 25.9634603044654
57.4 25.960257712358
57.5 25.9569905451965
57.6 25.9536580638396
57.7 25.9502595343875
57.8 25.9467942282265
57.9 25.9432614220732
58 25.9396603980187
58.1 25.9359904435724
58.2 25.9322508517065
58.3 25.9284409208989
58.4 25.9245599551775
58.5 25.9206072641631
58.6 25.9165821631128
58.7 25.9124839729632
58.8 25.9083120203726
58.9 25.9040656377646
59 25.8997441633697
59.1 25.8953469412679
59.2 25.8908733214306
59.3 25.8863226597623
59.4 25.8816943181422
59.5 25.8769876644656
59.6 25.8722020726844
59.7 25.8673369228487
59.8 25.8623916011463
59.9 25.8573654999439
60 25.8522580178262
60.1 25.847068559636
60.2 25.8417965365136
60.3 25.8364413659354
60.4 25.831002471753
60.5 25.8254792842315
60.6 25.8198712400877
60.7 25.8141777825274
60.8 25.8083983612834
60.9 25.8025324326521
61 25.7965794595303
61.1 25.7905389114517
61.2 25.7844102646227
61.3 25.7781930019578
61.4 25.7718866131153
61.5 25.7654905945316
61.6 25.7590044494558
61.7 25.7524276879837
61.8 25.7457598270915
61.9 25.7390003906687
62 25.7321489095508
62.1 25.7252049215521
62.2 25.718167971497
62.3 25.7110376112517
62.4 25.7038133997551
62.5 25.6964949030492
62.6 25.6890816943092
62.7 25.6815733538733
62.8 25.6739694692714
62.9 25.6662696352536
63 25.658473453819
63.1 25.6505805342425
63.2 25.6425904931024
63.3 25.6345029543067
63.4 25.6263175491194
63.5 25.6180339161858
63.6 25.6096517015578
63.7 25.601170558718
63.8 25.5925901486042
63.9 25.5839101396322
64 25.575130207719
64.1 25.5662500363049
64.2 25.5572693163754
64.3 25.5481877464823
64.4 25.5390050327642
64.5 25.5297208889667
64.6 25.5203350364613
64.7 25.5108472042652
64.8 25.5012571290585
64.9 25.4915645552024
65 25.4817692347564
65.1 25.4718709274942
65.2 25.46186940092
65.3 25.4517644302833
65.4 25.441555798594
65.5 25.4312432966357
65.6 25.4208267229797
65.7 25.4103058839974
65.8 25.3996805938721
65.9 25.3889506746109
66 25.3781159560553
66.1 25.3671762758912
66.2 25.3561314796583
66.3 25.3449814207596
66.4 25.3337259604686
66.5 25.3223649679375
66.6 25.3108983202037
66.7 25.2993259021964
66.8 25.2876476067413
66.9 25.2758633345664
67 25.2639729943054
67.1 25.2519765025016
67.2 25.2398737836105
67.3 25.2276647700021
67.4 25.2153494019621
67.5 25.2029276276926
67.6 25.1903994033127
67.7 25.1777646928572
67.8 25.1650234682755
67.9 25.1521757094297
68 25.139221404092
68.1 25.1261605479407
68.2 25.1129931445568
68.3 25.0997192054186
68.4 25.0863387498966
68.5 25.0728518052471
68.6 25.0592584066054
68.7 25.0455585969779
68.8 25.0317524272342
68.9 25.0178399560976
69 25.0038212501358
69.1 24.9896963837503
69.2 24.9754654391652
69.3 24.9611285064155
69.4 24.9466856833343
69.5 24.9321370755398
69.6 24.9174827964216
69.7 24.9027229671252
69.8 24.8878577165376
69.9 24.8728871812708
70 24.8578115056448
70.1 24.8426308416708
70.2 24.8273453490326
70.3 24.8119551950677
70.4 24.7964605547482
70.5 24.7808616106601
70.6 24.7651585529826
70.7 24.7493515794668
70.8 24.7334408954127
70.9 24.717426713647
71 24.7013092544986
71.1 24.6850887457753
71.2 24.6687654227379
71.3 24.6523395280749
71.4 24.6358113118761
71.5 24.6191810316055
71.6 24.6024489520737
71.7 24.5856153454096
71.8 24.5686804910312
71.9 24.5516446756159
72 24.5345081930704
72.1 24.5172713444996
72.2 24.4999344381751
72.3 24.4824977895025
72.4 24.4649617209891
72.5 24.44732656221
72.6 24.429592649774
72.7 24.4117603272888
72.8 24.3938299453255
72.9 24.375801861383
73 24.3576764398507
73.1 24.3394540519717
73.2 24.3211350758049
73.3 24.3027198961863
73.4 24.2842089046902
73.5 24.2656024995896
73.6 24.2469010858157
73.7 24.2281050749173
73.8 24.2092148850197
73.9 24.190230940782
74 24.1711536733555
74.1 24.15198352034
74.2 24.1327209257405
74.3 24.113366339923
74.4 24.0939202195699
74.5 24.0743830276346
74.6 24.0547552332959
74.7 24.0350373119117
74.8 24.0152297449723
74.9 23.9953330200529
75 23.9753476307661
75.1 23.9552740767136
75.2 23.9351128634373
75.3 23.91486450237
75.4 23.8945295107861
75.5 23.8741084117507
75.6 23.8536017340699
75.7 23.8330100122389
75.8 23.8123337863908
75.9 23.7915736022448
76 23.7707300110534
76.1 23.7498035695499
76.2 23.728794839895
76.3 23.7077043896232
76.4 23.6865327915888
76.5 23.6652806239112
76.6 23.6439484699206
76.7 23.6225369181021
76.8 23.6010465620407
76.9 23.579478000365
77 23.5578318366911
77.1 23.5361086795659
77.2 23.51430914241
77.3 23.4924338434606
77.4 23.4704834057137
77.5 23.4484584568662
77.6 23.4263596292575
77.7 23.4041875598113
77.8 23.3819428899764
77.9 23.3596262656676
78 23.3372383372066
78.1 23.3147797592617
78.2 23.2922511907888
78.3 23.2696532949703
78.4 23.2469867391551
78.5 23.2242521947981
78.6 23.201450337399
78.7 23.1785818464414
78.8 23.1556474053312
78.9 23.1326477013358
79 23.1095834255215
79.1 23.0864552726922
79.2 23.0632639413273
79.3 23.0400101335194
79.4 23.0166945549119
79.5 22.9933179146364
79.6 22.9698809252504
79.7 22.9463843026741
79.8 22.9228287661277
79.9 22.8992150380684
80 22.8755438441272
80.1 22.8518159130457
80.2 22.8280319766126
80.3 22.8041927696006
80.4 22.780299029703
80.5 22.7563514974698
80.6 22.7323509162441
80.7 22.7082980320991
80.8 22.6841935937736
80.9 22.660038352609
81 22.6358330624851
81.1 22.6115784797566
81.2 22.5872753631894
81.3 22.5629244738967
81.4 22.5385265752753
81.5 22.5140824329422
81.6 22.4895928146705
81.7 22.4650584903261
81.8 22.4404802318038
81.9 22.415858812964
82 22.3911950095694
82.1 22.3664895992211
82.2 22.3417433612956
82.3 22.3169570768816
82.4 22.2921315287166
82.5 22.2672675011241
82.6 22.2423657799505
82.7 22.2174271525022
82.8 22.1924524074834
82.9 22.1674423349329
83 22.1423977261618
83.1 22.1173193736917
83.2 22.0922080711919
83.3 22.067064613418
83.4 22.0418897961497
83.5 22.0166844161293
83.6 21.9914492710005
83.7 21.9661851592467
83.8 21.9408928801304
83.9 21.915573233632
84 21.8902270203895
84.1 21.8648550416376
84.2 21.8394580991482
84.3 21.8140369951696
84.4 21.7885925323678
84.5 21.763125513766
84.6 21.7376367426861
84.7 21.7121270226893
84.8 21.6865971575179
84.9 21.6610479510361
85 21.6354802071729
85.1 21.6098947298631
85.2 21.5842923229907
85.3 21.558673790331
85.4 21.5330399354939
85.5 21.5073915618671
85.6 21.48172947256
85.7 21.4560544703473
85.8 21.4303673576134
85.9 21.4046689362974
86 21.3789600078376
86.1 21.3532413731167
86.2 21.3275138324082
86.3 21.3017781853214
86.4 21.2760352307485
86.5 21.250285766811
86.6 21.2245305908069
86.7 21.1987704991581
86.8 21.1730062873579
86.9 21.1472387499201
87 21.1214686803266
87.1 21.0956968709768
87.2 21.0699241131374
87.3 21.0441511968912
87.4 21.0183789110883
87.5 20.992608043296
87.6 20.9668393797502
87.7 20.9410737053065
87.8 20.9153118033922
87.9 20.8895544559587
88 20.8638024434337
88.1 20.8380565446748
88.2 20.812317536923
88.3 20.7865861957561
88.4 20.7608632950441
88.5 20.7351496069031
88.6 20.7094459016512
88.7 20.683752947764
88.8 20.6580715118309
88.9 20.6324023585117
89 20.6067462504938
89.1 20.5811039484497
89.2 20.555476210995
89.3 20.529863794647
89.4 20.5042674537836
89.5 20.4786879406028
89.6 20.4531260050825
89.7 20.4275823949411
89.8 20.402057855598
89.9 20.3765531301352
90 20.351068959259
90.1 20.3256060812625
90.2 20.300165231988
90.3 20.2747471447906
90.4 20.2493525505017
90.5 20.2239821773932
90.6 20.1986367511426
90.7 20.1733169947977
90.8 20.1480236287426
90.9 20.1227573706637
91 20.0975189355167
91.1 20.0723090354931
91.2 20.0471283799886
91.3 20.0219776755707
91.4 19.9968576259478
91.5 19.9717689319377
91.6 19.9467122914379
91.7 19.9216883993952
91.8 19.8966979477768
91.9 19.8717416255407
92 19.8468201186081
92.1 19.8219341098349
92.2 19.7970842789846
92.3 19.7722713027012
92.4 19.747495854483
92.5 19.7227586046564
92.6 19.6980602203505
92.7 19.6734013654723
92.8 19.6487827006823
92.9 19.6242048833701
93 19.5996685676314
93.1 19.5751744042448
93.2 19.5507230406493
93.3 19.5263151209222
93.4 19.5019512857577
93.5 19.4776321724457
93.6 19.4533584148515
93.7 19.4291306433954
93.8 19.4049494850332
93.9 19.3808155632372
94 19.3567294979773
94.1 19.332691905703
94.2 19.3087033993257
94.3 19.2847645882013
94.4 19.2608760781135
94.5 19.2370384712577
94.6 19.213252366225
94.7 19.1895183579865
94.8 19.1658370378791
94.9 19.1422089935905
95 19.1186348091454
95.1 19.0951150648919
95.2 19.0716503374884
95.3 19.0482411998911
95.4 19.0248882213418
95.5 19.0015919673559
95.6 18.9783529997114
95.7 18.9551718764378
95.8 18.9320491518059
95.9 18.9089853763176
96 18.8859810966966
96.1 18.863036855879
96.2 18.8401531930046
96.3 18.817330643409
96.4 18.7945697386153
96.5 18.7718710063269
96.6 18.7492349704203
96.7 18.7266621509387
96.8 18.7041530640856
96.9 18.6817082222191
97 18.6593281338466
97.1 18.6370133036194
97.2 18.6147642323286
97.3 18.5925814169006
97.4 18.5704653503931
97.5 18.5484165219923
97.6 18.5264354170089
97.7 18.5045225168763
97.8 18.4826782991478
97.9 18.4609032374948
98 18.4391978017052
98.1 18.417562457682
98.2 18.3959976674431
98.3 18.37450388912
98.4 18.3530815769582
98.5 18.3317311813171
98.6 18.3104531486709
98.7 18.2892479216092
98.8 18.2681159388382
98.9 18.2470576351828
99 18.2260734415876
99.1 18.2051637851202
99.2 18.1843290889728
99.3 18.1635697724656
99.4 18.14288625105
99.5 18.1222789363116
99.6 18.1017482359749
99.7 18.0812945539063
99.8 18.0609182901196
99.9 18.0406198407798
100 18.0203995982086
