0 750
0.1 747.637798167764
0.2 745.285356350792
0.3 742.942732389459
0.4 740.609915541644
0.5 738.286894822755
0.6 735.973659007991
0.7 733.670196634607
0.8 731.376496004185
0.9 729.092545184898
1 726.818332013796
1.1 724.553844099076
1.2 722.299068822366
1.3 720.053993341007
1.4 717.818604590339
1.5 715.592889285983
1.6 713.376833926133
1.7 711.170424793844
1.8 708.973647959316
1.9 706.786489282186
2 704.608934413819
2.1 702.440968799592
2.2 700.282577681183
2.3 698.133746098859
2.4 695.994458893762
2.5 693.864700710187
2.6 691.74445599787
2.7 689.633709014266
2.8 687.532443826824
2.9 685.440644315262
3 683.358294173838
3.1 681.285376913621
3.2 679.221875864749
3.3 677.167774178696
3.4 675.123054830524
3.5 673.087700621134
3.6 671.061694179517
3.7 669.045017964994
3.8 667.037654269453
3.9 665.039585219581
4 663.050792779091
4.1 661.071258750938
4.2 659.100964779538
4.3 657.139892352975
4.4 655.188022805198
4.5 653.245337318219
4.6 651.311816924299
4.7 649.387442508129
4.8 647.472194808999
4.9 645.566054422967
5 643.669001805013
5.1 641.781017271192
5.2 639.902081000766
5.3 638.032173038347
5.4 636.171273296012
5.5 634.31936155542
5.6 632.47641746992
5.7 630.642420566643
5.8 628.817350248592
5.9 627.00118579672
6 625.193906371992
6.1 623.39549101745
6.2 621.605918660255
6.3 619.825168113725
6.4 618.053218079367
6.5 616.290047148884
6.6 614.53563380619
6.7 612.7899564294
6.8 611.052993292814
6.9 609.324722568889
7 607.605122330204
7.1 605.894170551406
7.2 604.191845111148
7.3 602.498123794022
7.4 600.812984292466
7.5 599.136404208672
7.6 597.468361056476
7.7 595.808832263238
7.8 594.157795171704
7.9 592.515227041867
8 590.881105052804
8.1 589.255406304508
8.2 587.638107819704
8.3 586.029186545651
8.4 584.428619355935
8.5 582.836383052248
8.6 581.252454366152
8.7 579.676809960829
8.8 578.109426432825
8.9 576.55028031377
9 574.999348072094
9.1 573.456606114723
9.2 571.922030788769
9.3 570.395598383197
9.4 568.877285130486
9.5 567.367067208271
9.6 565.864920740978
9.7 564.370821801439
9.8 562.884746412494
9.9 561.406670548582
10 559.936570137316
10.1 558.474421061046
10.2 557.020199158403
10.3 555.573880225839
10.4 554.135440019139
10.5 552.704854254931
10.6 551.282098612175
10.7 549.867148733642
10.8 548.459980227376
10.9 547.060568668141
11 545.66888959886
11.1 544.284918532029
11.2 542.908630951126
11.3 541.540002312005
11.4 540.179008044268
11.5 538.825623552631
11.6 537.479824218275
11.7 536.141585400172
11.8 534.810882436416
11.9 533.487690645521
12 532.171985327711
12.1 530.863741766206
12.2 529.562935228475
12.3 528.26954096749
12.4 526.983534222955
12.5 525.704890222533
12.6 524.433584183044
12.7 523.169591311662
12.8 521.912886807085
12.9 520.663445860705
13 519.421243657752
13.1 518.186255378428
13.2 516.958456199031
13.3 515.737821293054
13.4 514.524325832282
13.5 513.31794498787
13.6 512.118653931402
13.7 510.926427835945
13.8 509.741241877081
13.9 508.56307123393
14 507.391891090159
14.1 506.227676634972
14.2 505.070403064093
14.3 503.92004558073
14.4 502.776579396529
14.5 501.63997973251
14.6 500.510221819992
14.7 499.387280901508
14.8 498.271132231696
14.9 497.161751078188
15 496.059112722478
15.1 494.96319246078
15.2 493.873965604869
15.3 492.791407482915
15.4 491.715493440298
15.5 490.64619884041
15.6 489.583499065446
15.7 488.527369517185
15.8 487.47778561775
15.9 486.434722810359
16 485.398156560066
16.1 484.368062354483
16.2 483.344415704498
16.3 482.327192144968
16.4 481.31636723541
16.5 480.311916560676
16.6 479.31381573161
16.7 478.322040385703
16.8 477.336566187727
16.9 476.35736883036
17 475.384424034797
17.1 474.417707551353
17.2 473.457195160046
17.3 472.502862671179
17.4 471.554685925896
17.5 470.612640796742
17.6 469.676703188196
17.7 468.746849037203
17.8 467.823054313689
17.9 466.905295021065
18 465.993547196724
18.1 465.087786912516
18.2 464.187990275224
18.3 463.29413342702
18.4 462.406192545913
18.5 461.524143846188
18.6 460.647963578827
18.7 459.777628031925
18.8 458.913113531097
18.9 458.054396439865
19 457.201453160042
19.1 456.354260132104
19.2 455.51279383555
19.3 454.677030789251
19.4 453.846947551789
19.5 453.022520721789
19.6 452.203726938234
19.7 451.390542880778
19.8 450.582945270037
19.9 449.780910867888
20 448.984416477738
20.1 448.193438944798
20.2 447.40795515634
20.3 446.627942041946
20.4 445.853376573749
20.5 445.08423576666
20.6 444.320496678594
20.7 443.562136410674
20.8 442.809132107439
20.9 442.061460957036
21 441.3191001914
21.1 440.582027086431
21.2 439.850218962162
21.3 439.123653182912
21.4 438.402307157438
21.5 437.686158339071
21.6 436.97518422585
21.7 436.269362360643
21.8 435.56867033126
21.9 434.873085770564
22 434.182586356561
22.1 433.497149812497
22.2 432.816753906933
22.3 432.141376453824
22.4 431.47099531258
22.5 430.805588388129
22.6 430.145133630962
22.7 429.489609037179
22.8 428.838992648523
22.9 428.193262552408
23 427.552396881939
23.1 426.916373815926
23.2 426.285171578888
23.3 425.658768441055
23.4 425.037142718357
23.5 424.42027277241
23.6 423.808137010496
23.7 423.20071388553
23.8 422.597981896031
23.9 421.999919586076
24 421.406505545253
24.1 420.817718408605
24.2 420.233536856575
24.3 419.65393961493
24.4 419.078905454697
24.5 418.508413192078
24.6 417.942441688366
24.7 417.380969849858
24.8 416.823976627753
24.9 416.271441018052
25 415.723342061452
25.1 415.179658843232
25.2 414.64037049313
25.3 414.105456185226
25.4 413.574895137806
25.5 413.048666613234
25.6 412.526749917805
25.7 412.00912440161
25.8 411.495769458376
25.9 410.986664525321
26 410.481789082989
26.1 409.981122655091
26.2 409.484644808333
26.3 408.992335152245
26.4 408.504173339007
26.5 408.02013906326
26.6 407.540212061932
26.7 407.064372114036
26.8 406.592599040486
26.9 406.124872703896
27 405.661173008376
27.1 405.201479899331
27.2 404.74577336325
27.3 404.294033427494
27.4 403.846240160078
27.5 403.402373669455
27.6 402.962414104289
27.7 402.526341653233
27.8 402.094136544694
27.9 401.665779046607
28 401.241249466194
28.1 400.820528149727
28.2 400.403595482288
28.3 399.990431887523
28.4 399.581017827394
28.5 399.175333801934
28.6 398.773360348987
28.7 398.37507804396
28.8 397.980467499564
28.9 397.589509365552
29 397.202184328461
29.1 396.818473111345
29.2 396.438356473511
29.3 396.061815210249
29.4 395.688830152565
29.5 395.319382166905
29.6 394.953452154887
29.7 394.591021053021
29.8 394.232069832432
29.9 393.876579498588
30 393.52453109101
30.1 393.175905683
30.2 392.830684381353
30.3 392.488848326076
30.4 392.150378690101
30.5 391.815256678999
30.6 391.483463530695
30.7 391.15498051518
30.8 390.829788934217
30.9 390.50787012106
31 390.189205440156
31.1 389.873776286859
31.2 389.561564087136
31.3 389.252550297276
31.4 388.946716403597
31.5 388.644043922156
31.6 388.344514398452
31.7 388.048109407134
31.8 387.754810551713
31.9 387.464599464259
32 387.177457805118
32.1 386.893367262611
32.2 386.612309552747
32.3 386.334266418927
32.4 386.059219631651
32.5 385.787150988231
32.6 385.518042312493
32.7 385.251875454492
32.8 384.988632290218
32.9 384.728294721308
33 384.470844674757
33.1 384.216264102631
33.2 383.964534981777
33.3 383.715639313542
33.4 383.469559123482
33.5 383.226276461082
33.6 382.985773399473
33.7 382.74803203515
33.8 382.51303448769
33.9 382.280762899477
34 382.051199435421
34.1 381.824326282684
34.2 381.600125650406
34.3 381.378579769433
34.4 381.159670892043
34.5 380.94338129168
34.6 380.729693262687
34.7 380.518589120037
34.8 380.310051199075
34.9 380.104061855254
35 379.900603463873
35.1 379.699658419827
35.2 379.501209137347
35.3 379.305238049747
35.4 379.111727609179
35.5 378.920660286381
35.6 378.732018570434
35.7 378.545784968518
35.8 378.361942005676
35.9 378.18047222457
36 378.001358185254
36.1 377.824582464936
36.2 377.650127657756
36.3 377.477976374554
36.4 377.308111242649
36.5 377.140514905623
36.6 376.975170023098
36.7 376.81205927053
36.8 376.651165338992
36.9 376.492470934971
37 376.335958780164
37.1 376.181611611275
37.2 376.029412179825
37.3 375.87934325195
37.4 375.731387608219
37.5 375.585528043446
37.6 375.441747366504
37.7 375.300028400153
37.8 375.16035398086
37.9 375.02270695863
38 374.887070196841
38.1 374.753426572079
38.2 374.62175897398
38.3 374.492050305074
38.4 374.364283480637
38.5 374.238441428541
38.6 374.114507089117
38.7 373.99246341501
38.8 373.872293371052
38.9 373.753979934129
39 373.637506093059
39.1 373.522854848467
39.2 373.410009212676
39.3 373.29895220959
39.4 373.189666874591
39.5 373.082136254435
39.6 372.976343407156
39.7 372.872271401975
39.8 372.769903319208
39.9 372.66922225019
40 372.570211297192
40.1 372.47285357335
40.2 372.377132202597
40.3 372.2830303196
40.4 372.190531069705
40.5 372.099617608879
40.6 372.010273103669
40.7 371.922480731153
40.8 371.83622367891
40.9 371.751485144985
41 371.66824833786
41.1 371.586496476438
41.2 371.506212790024
41.3 371.427380518319
41.4 371.349982911408
41.5 371.274003229769
41.6 371.199424744273
41.7 371.1262307362
41.8 371.054404497256
41.9 370.983929329593
42 370.914788545842
42.1 370.846965469144
42.2 370.780443433194
42.3 370.715205782285
42.4 370.651235871357
42.5 370.588517066061
42.6 370.527032742817
42.7 370.466766288887
42.8 370.407701102446
42.9 370.34982059267
43 370.293108179814
43.1 370.237547295314
43.2 370.183121381879
43.3 370.129813893603
43.4 370.07760829607
43.5 370.026488066472
43.6 369.976436693736
43.7 369.927437678652
43.8 369.879474534005
43.9 369.83253078472
44 369.786589968009
44.1 369.741635633525
44.2 369.697651343522
44.3 369.654620673019
44.4 369.612527209975
44.5 369.571354555468
44.6 369.531086323878
44.7 369.491706143079
44.8 369.453197654634
44.9 369.415544514004
45 369.37873039075
45.1 369.342738968755
45.2 369.307553946446
45.3 369.273159037019
45.4 369.239537968675
45.5 369.206674484864
45.6 369.174552344526
45.7 369.143155322353
45.8 369.11246720904
45.9 369.082471811559
46 369.053152953423
46.1 369.024494474973
46.2 368.996480233657
46.3 368.969094104322
46.4 368.942319979514
46.5 368.916141769777
46.6 368.890543403967
46.7 368.865508829564
46.8 368.841022012997
46.9 368.817066939971
47 368.793627615801
47.1 368.770688065753
47.2 368.74823233539
47.3 368.726244490926
47.4 368.704708619581
47.5 368.683608829953
47.6 368.662929252381
47.7 368.642654039326
47.8 368.622767365754
47.9 368.603253429525
48 368.584096451785
48.1 368.565280677369
48.2 368.546790375207
48.3 368.528609838737
48.4 368.510723386325
48.5 368.493115361682
48.6 368.475770134304
48.7 368.458672099898
48.8 368.441805680831
48.9 368.425155326572
49 368.408705514146
49.1 368.392440748592
49.2 368.376345563428
49.3 368.360404521117
49.4 368.344602213547
49.5 368.328923262503
49.6 368.31335232016
49.7 368.297874069572
49.8 368.282473225162
49.9 368.267134533233
50 368.251842772465
50.1 368.236582754435
50.2 368.221339324125
50.3 368.206097360452
50.4 368.190841776789
50.5 368.175557521496
50.6 368.160229578462
50.7 368.14484296764
50.8 368.129382745597
50.9 368.113834006061
51 368.098181880481
51.1 368.082411538582
51.2 368.066508188931
51.3 368.050457079506
51.4 368.034243498269
51.5 368.017852773743
51.6 368.001270275594
51.7 367.984481415213
51.8 367.967471646314
51.9 367.950226465519
52 367.93273141296
52.1 367.91497207288
52.2 367.896934074239
52.3 367.878603091321
52.4 367.859964844349
52.5 367.8410051001
52.6 367.821709672525
52.7 367.80206442337
52.8 367.782055262807
52.9 367.761668150061
53 367.740889094042
53.1 367.71970415398
53.2 367.698099440069
53.3 367.676061114103
53.4 367.653575390124
53.5 367.630628535067
53.6 367.607206869412
53.7 367.583296767834
53.8 367.558884659862
53.9 367.533957030529
54 367.508500421039
54.1 367.482501429425
54.2 367.455946711212
54.3 367.428822980083
54.4 367.401117008549
54.5 367.372815628616
54.6 367.343905732454
54.7 367.314374273073
54.8 367.284208264998
54.9 367.253394784938
55 367.221920972469
55.1 367.189774030708
55.2 367.156941226995
55.3 367.123409893568
55.4 367.089167428248
55.5 367.05420129512
55.6 367.01849902521
55.7 366.982048217175
55.8 366.94483653798
55.9 366.906851723582
56 366.868081579618
56.1 366.828513982083
56.2 366.788136878015
56.3 366.746938286179
56.4 366.704906297752
56.5 366.662029077
56.6 366.618294861967
56.7 366.573691965153
56.8 366.528208774192
56.9 366.481833752539
57 366.434555440145
57.1 366.386362454134
57.2 366.337243489484
57.3 366.287187319697
57.4 366.23618279748
57.5 366.184218855411
57.6 366.131284506617
57.7 366.077368845436
57.8 366.02246104809
57.9 365.966550373348
58 365.909626163192
58.1 365.851677843472
58.2 365.792694924573
58.3 365.732667002064
58.4 365.671583757358
58.5 365.609434958357
58.6 365.546210460105
58.7 365.481900205432
58.8 365.416494225592
58.9 365.349982640911
59 365.282355661412
59.1 365.213603587456
59.2 365.143716810367
59.3 365.072685813056
59.4 365.000501170645
59.5 364.927153551082
59.6 364.852633715756
59.7 364.776932520106
59.8 364.700040914224
59.9 364.62194994346
60 364.542650749013
60.1 364.462134568526
60.2 364.38039273667
60.3 364.297416685729
60.4 364.213197946176
60.5 364.127728147241
60.6 364.040999017485
60.7 363.953002385355
60.8 363.863730179742
60.9 363.773174430532
61 363.681327269151
61.1 363.588180929102
61.2 363.493727746501
61.3 363.3979601606
61.4 363.300870714313
61.5 363.202452054725
61.6 363.102696933608
61.7 363.001598207914
61.8 362.899148840278
61.9 362.795341899502
62 362.69017056104
62.1 362.583628107471
62.2 362.475707928969
62.3 362.366403523763
62.4 362.25570849859
62.5 362.143616569146
62.6 362.030121560518
62.7 361.915217407623
62.8 361.798898155628
62.9 361.681157960366
63 361.561991088749
63.1 361.441391919164
63.2 361.31935494187
63.3 361.195874759377
63.4 361.07094608683
63.5 360.944563752371
63.6 360.816722697504
63.7 360.687417977443
63.8 360.556644761456
63.9 360.424398333201
64 360.290674091047
64.1 360.155467548399
64.2 360.018774333999
64.3 359.880590192227
64.4 359.740910983393
64.5 359.599732684015
64.6 359.457051387094
64.7 359.312863302374
64.8 359.167164756598
64.9 359.019952193746
65 358.871222175278
65.1 358.720971380349
65.2 358.569196606034
65.3 358.415894767524
65.4 358.261062898328
65.5 358.104698150459
65.6 357.946797794605
65.7 357.787359220298
65.8 357.626379936073
65.9 357.463857569606
66 357.299789867861
66.1 357.134174697203
66.2 356.967010043524
66.3 356.798294012343
66.4 356.628024828902
66.5 356.456200838249
66.6 356.282820505317
66.7 356.107882414979
66.8 355.93138527211
66.9 355.753327901625
67 355.573709248511
67.1 355.392528377849
67.2 355.209784474826
67.3 355.025476844733
67.4 354.839604912955
67.5 354.65216822495
67.6 354.463166446218
67.7 354.272599362256
67.8 354.080466878505
67.9 353.886769020284
68 353.691505932718
68.1 353.49467788065
68.2 353.296285248541
68.3 353.096328540367
68.4 352.894808379496
68.5 352.69172550856
68.6 352.487080789313
68.7 352.280875202481
68.8 352.073109847597
68.9 351.86378594283
69 351.652904824798
69.1 351.440467948373
69.2 351.226476886476
69.3 351.010933329858
69.4 350.793839086874
69.5 350.575196083241
69.6 350.35500636179
69.7 350.133272082203
69.8 349.909995520745
69.9 349.685179069977
70 349.458825238467
70.1 349.23093665048
70.2 349.00151604567
70.3 348.77056627875
70.4 348.538090319155
70.5 348.304091250698
70.6 348.06857227121
70.7 347.831536692172
70.8 347.592987938337
70.9 347.352929547341
71 347.111365169299
71.1 346.868298566401
71.2 346.623733612486
71.3 346.377674292612
71.4 346.130124702618
71.5 345.881089048667
71.6 345.630571646788
71.7 345.3785769224
71.8 345.125109409837
71.9 344.870173751846
72 344.613774699092
72.1 344.355917109645
72.2 344.096605948455
72.3 343.835846286821
72.4 343.573643301853
72.5 343.310002275916
72.6 343.044928596073
72.7 342.778427753512
72.8 342.510505342968
72.9 342.241167062134
73 341.970418711061
73.1 341.698266191553
73.2 341.424715506547
73.3 341.14977275949
73.4 340.873444153703
73.5 340.59573599174
73.6 340.31665467473
73.7 340.036206701722
73.8 339.754398669011
73.9 339.471237269464
74 339.186729291829
74.1 338.900881620043
74.2 338.613701232528
74.3 338.325195201479
74.4 338.035370692145
74.5 337.744234962105
74.6 337.451795360525
74.7 337.158059327426
74.8 336.863034392923
74.9 336.566728176474
75 336.269148386112
75.1 335.970302817672
75.2 335.670199354015
75.3 335.368845964234
75.4 335.066250702865
75.5 334.762421709088
75.6 334.457367205914
75.7 334.151095499373
75.8 333.843614977697
75.9 333.534934110487
76 333.225061447884
76.1 332.914005619728
76.2 332.601775334711
76.3 332.288379379531
76.4 331.973826618027
76.5 331.658125990321
76.6 331.34128651195
76.7 331.023317272989
76.8 330.704227437174
76.9 330.384026241018
77 330.06272299292
77.1 329.740327072272
77.2 329.41684792856
77.3 329.092295080458
77.4 328.766678114924
77.5 328.440006686283
77.6 328.112290515312
77.7 327.783539388319
77.8 327.45376315622
77.9 327.122971733605
78 326.791175097808
78.1 326.458383287975
78.2 326.124606404115
78.3 325.789854606165
78.4 325.45413811304
78.5 325.117467201684
78.6 324.779852206119
78.7 324.441303516489
78.8 324.1018315781
78.9 323.761446890464
79 323.420160006334
79.1 323.077981530736
79.2 322.73492212001
79.3 322.39099248083
79.4 322.046203369244
79.5 321.700565589693
79.6 321.354089994041
79.7 321.006787480597
79.8 320.658668993141
79.9 320.309745519941
80 319.960028092779
80.1 319.609527785966
80.2 319.258255715366
80.3 318.906223037408
80.4 318.55344094811
80.5 318.199920682093
80.6 317.845673511599
80.7 317.490710745508
80.8 317.135043728355
80.9 316.778683839349
81 316.421642491387
81.1 316.063931130075
81.2 315.705561232745
81.3 315.346544307474
81.4 314.986891892105
81.5 314.626615553268
81.6 314.265726885401
81.7 313.904237509772
81.8 313.542159073506
81.9 313.179503248609
82 312.816281730995
82.1 312.452506239519
82.2 312.088188515001
82.3 311.723340319266
82.4 311.357973434173
82.5 310.992099660657
82.6 310.625730817763
82.7 310.258878741693
82.8 309.891555284846
82.9 309.523772314869
83 309.155541713701
83.1 308.786875376632
83.2 308.417785211354
83.3 308.048283137022
83.4 307.678381083313
83.5 307.308090989495
83.6 306.937424803492
83.7 306.566394480959
83.8 306.195011984357
83.9 305.823289282032
84 305.451238347296
84.1 305.078871157522
84.2 304.706199693226
84.3 304.33323593717
84.4 303.959991873459
84.5 303.586479486645
84.6 303.212710760835
84.7 302.838697678808
84.8 302.464452221131
84.9 302.089986365278
85 301.715312084767
85.1 301.340441348281
85.2 300.965386118817
85.3 300.590158352819
85.4 300.214769999333
85.5 299.839232999158
85.6 299.463559284002
85.7 299.087760775653
85.8 298.71184938514
85.9 298.335837011915
86 297.959735543032
86.1 297.583556852333
86.2 297.207312799643
86.3 296.831015229966
86.4 296.454675972692
86.5 296.078306840806
86.6 295.701919630106
86.7 295.325526118428
86.8 294.949138064871
86.9 294.572767209038
87 294.196425270273
87.1 293.820123946916
87.2 293.443874915553
87.3 293.067689830281
87.4 292.691580321976
87.5 292.315557997566
87.6 291.939634439319
87.7 291.563821204125
87.8 291.188129822797
87.9 290.812571799373
88 290.437158610424
88.1 290.061901704372
88.2 289.686812500815
88.3 289.311902389856
88.4 288.937182731443
88.5 288.562664854716
88.6 288.188360057355
88.7 287.814279604945
88.8 287.44043473034
88.9 287.066836633042
89 286.693496478578
89.1 286.320425397893
89.2 285.947634486747
89.3 285.575134805119
89.4 285.202937376619
89.5 284.831053187908
89.6 284.459493188125
89.7 284.088268288324
89.8 283.717389360913
89.9 283.346867239107
90 282.976712716385
90.1 282.606936545955
90.2 282.237549440228
90.3 281.8685620703
90.4 281.499985065437
90.5 281.131829012577
90.6 280.764104455828
90.7 280.396821895987
90.8 280.029991790053
90.9 279.663624550759
91 279.297730546104
91.1 278.932320098901
91.2 278.567403486322
91.3 278.20299093946
91.4 277.839092642897
91.5 277.475718734273
91.6 277.112879303874
91.7 276.750584394217
91.8 276.388843999652
91.9 276.027668065962
92 275.667066489983
92.1 275.307049119216
92.2 274.947625751464
92.3 274.588806134465
92.4 274.230599965534
92.5 273.873016891218
92.6 273.516066506953
92.7 273.159758356733
92.8 272.804101932783
92.9 272.449106675242
93 272.094781971855
93.1 271.741137157664
93.2 271.388181514723
93.3 271.035924271801
93.4 270.684374604109
93.5 270.333541633023
93.6 269.983434425822
93.7 269.634061995429
93.8 269.285433300161
93.9 268.937557243487
94 268.590442673792
94.1 268.244098384148
94.2 267.898533112095
94.3 267.553755539427
94.4 267.209774291983
94.5 266.866597939451
94.6 266.524234995175
94.7 266.182693915967
94.8 265.841983101935
94.9 265.502110896306
95 265.163085585264
95.1 264.824915397796
95.2 264.487608505534
95.3 264.151173022622
95.4 263.815617005571
95.5 263.480948453132
95.6 263.147175306173
95.7 262.814305447563
95.8 262.48234670206
95.9 262.15130683621
96 261.82119355825
96.1 261.492014518014
96.2 261.163777306854
96.3 260.83648945756
96.4 260.510158444286
96.5 260.184791682492
96.6 259.860396528876
96.7 259.536980281331
96.8 259.214550178888
96.9 258.893113401686
97 258.572677070928
97.1 258.253248248859
97.2 257.93483393874
97.3 257.617441084831
97.4 257.30107657238
97.5 256.98574722762
97.6 256.671459817764
97.7 256.358221051017
97.8 256.046037576581
97.9 255.734915984676
98 255.424862806559
98.1 255.115884514555
98.2 254.807987522087
98.3 254.501178183714
98.4 254.195462795174
98.5 253.890847593436
98.6 253.587338756746
98.7 253.284942404693
98.8 252.983664598266
98.9 252.683511339926
99 252.384488573676
99.1 252.086602185141
99.2 251.789858001648
99.3 251.494261792314
99.4 251.199819268136
99.5 250.90653608209
99.6 250.614417829227
99.7 250.323470046779
99.8 250.03369821427
99.9 249.745107753627
100 249.457704029296
