0 500
0.1 498.560067892661
0.2 497.125700110887
0.3 495.696932754879
0.4 494.27376283089
0.5 492.856187192759
0.6 491.444202543068
0.7 490.037805434304
0.8 488.636992270024
0.9 487.241759306026
1 485.852102651522
1.1 484.468018270312
1.2 483.089501981973
1.3 481.716549463039
1.4 480.34915624819
1.5 478.987317731442
1.6 477.631029167347
1.7 476.280285672181
1.8 474.935082225151
1.9 473.595413669593
2 472.261274714178
2.1 470.932659934116
2.2 469.609563772366
2.3 468.291980540841
2.4 466.979904421625
2.5 465.67332946818
2.6 464.372249606562
2.7 463.076658636634
2.8 461.786550233279
2.9 460.501917947619
3 459.222755208228
3.1 457.949055322348
3.2 456.680811477108
3.3 455.418016740736
3.4 454.160664063777
3.5 452.908746280307
3.6 451.66225610915
3.7 450.421186155089
3.8 449.185528910082
3.9 447.955276754472
4 446.730421958197
4.1 445.510956682005
4.2 444.296872978655
4.3 443.088162794128
4.4 441.884817968831
4.5 440.686830238797
4.6 439.494191236893
4.7 438.306892494008
4.8 437.12492544026
4.9 435.948281406182
5 434.776951623917
5.1 433.610927228407
5.2 432.450199258575
5.3 431.294758658514
5.4 430.14459627866
5.5 428.999702876973
5.6 427.860069120108
5.7 426.725685584587
5.8 425.596542757961
5.9 424.472631039977
6 423.353940743736
6.1 422.240462096843
6.2 421.132185242565
6.3 420.029100240972
6.4 418.931197070082
6.5 417.838465626999
6.6 416.750895729046
6.7 415.668477114894
6.8 414.591199445689
6.9 413.519052306168
7 412.452025205775
7.1 411.390107579776
7.2 410.333288790355
7.3 409.281558127722
7.4 408.234904811205
7.5 407.193317990339
7.6 406.156786745949
7.7 405.125300091232
7.8 404.098846972829
7.9 403.077416271892
8 402.060996805145
8.1 401.049577325944
8.2 400.043146525323
8.3 399.041693033043
8.4 398.045205418625
8.5 397.053672192389
8.6 396.067081806476
8.7 395.08542265587
8.8 394.108683079411
8.9 393.136851360806
9 392.169915729625
9.1 391.207864362303
9.2 390.250685383122
9.3 389.298366865198
9.4 388.350896831452
9.5 387.408263255586
9.6 386.470454063037
9.7 385.537457131938
9.8 384.609260294066
9.9 383.685851335783
10 382.767217998969
10.1 381.853347981956
10.2 380.944228940445
10.3 380.039848488421
10.4 379.14019419906
10.5 378.245253605632
10.6 377.355014202388
10.7 376.469463445455
10.8 375.588588753707
10.9 374.71237750964
11 373.840817060237
11.1 372.973894717824
11.2 372.111597760919
11.3 371.253913435079
11.4 370.40082895373
11.5 369.552331498999
11.6 368.70840822253
11.7 367.869046246304
11.8 367.03423266344
11.9 366.203954538992
12 365.378198910747
12.1 364.556952789999
12.2 363.740203162335
12.3 362.927936988394
12.4 362.120141204636
12.5 361.316802724091
12.6 360.517908437107
12.7 359.723445212086
12.8 358.933399896218
12.9 358.147759316205
13 357.366510278972
13.1 356.58963957238
13.2 355.817133965925
13.3 355.048980211433
13.4 354.285165043743
13.5 353.525675181387
13.6 352.770497327259
13.7 352.01961816928
13.8 351.273024381055
13.9 350.530702622515
14 349.792639540563
14.1 349.058821769705
14.2 348.329235932677
14.3 347.603868641059
14.4 346.88270649589
14.5 346.165736088267
14.6 345.452943999945
14.7 344.74431680392
14.8 344.039841065011
14.9 343.339503340438
15 342.64329018038
15.1 341.951188128538
15.2 341.263183722684
15.3 340.579263495208
15.4 339.899413973648
15.5 339.223621681224
15.6 338.551873137358
15.7 337.884154858186
15.8 337.220453357068
15.9 336.560755145087
16 335.90504673154
16.1 335.253314624423
16.2 334.605545330912
16.3 333.96172535783
16.4 333.321841212115
16.5 332.685879401271
16.6 332.053826433824
16.7 331.425668819759
16.8 330.801393070957
16.9 330.180985701625
17 329.564433228718
17.1 328.951722172348
17.2 328.3428390562
17.3 327.737770407926
17.4 327.136502759539
17.5 326.539022647806
17.6 325.945316614622
17.7 325.355371207386
17.8 324.769172979367
17.9 324.186708490068
18 323.607964305572
18.1 323.032926998894
18.2 322.461583150323
18.3 321.893919347747
18.4 321.329922186991
18.5 320.769578272131
18.6 320.212874215808
18.7 319.659796639541
18.8 319.110332174022
18.9 318.564467459416
19 318.022189145648
19.1 317.483483892684
19.2 316.948338370812
19.3 316.416739260907
19.4 315.888673254698
19.5 315.364127055026
19.6 314.843087376096
19.7 314.325540943719
19.8 313.81147449556
19.9 313.300874781363
20 312.793728563188
20.1 312.290022615624
20.2 311.789743726015
20.3 311.292878694664
20.4 310.79941433504
20.5 310.309337473978
20.6 309.822634951873
20.7 309.339293622867
20.8 308.859300355034
20.9 308.382642030554
21 307.909305545886
21.1 307.439277811936
21.2 306.972545754215
21.3 306.509096312997
21.4 306.048916443469
21.5 305.591993115875
21.6 305.138313315657
21.7 304.68786404359
21.8 304.240632315911
21.9 303.796605164443
22 303.355769636717
22.1 302.918112796087
22.2 302.483621721837
22.3 302.052283509286
22.4 301.624085269893
22.5 301.199014131348
22.6 300.777057237664
22.7 300.358201749263
22.8 299.942434843058
22.9 299.529743712532
23 299.120115567804
23.1 298.713537635704
23.2 298.309997159834
23.3 297.909481400625
23.4 297.511977635395
23.5 297.117473158397
23.6 296.725955280868
23.7 296.33741133107
23.8 295.951828654327
23.9 295.569194613058
24 295.189496586813
24.1 294.81272197229
24.2 294.438858183364
24.3 294.067892651103
24.4 293.69981282378
24.5 293.334606166888
24.6 292.972260163141
24.7 292.612762312483
24.8 292.256100132082
24.9 291.902261156331
25 291.551232936836
25.1 291.203003042407
25.2 290.857559059041
25.3 290.514888589909
25.4 290.174979255328
25.5 289.83781869274
25.6 289.503394556685
25.7 289.171694518768
25.8 288.842706267623
25.9 288.51641750888
26 288.192815965121
26.1 287.871889375837
26.2 287.553625497383
26.3 287.238012102928
26.4 286.925036982401
26.5 286.614687942441
26.6 286.306952806332
26.7 286.001819413948
26.8 285.699275621688
26.9 285.399309302412
27 285.10190834537
27.1 284.807060656132
27.2 284.514754156515
27.3 284.224976784509
27.4 283.937716494196
27.5 283.652961255672
27.6 283.370699054962
27.7 283.090917893939
27.8 282.813605790232
27.9 282.538750777141
28 282.266340903543
28.1 281.996364233803
28.2 281.728808847672
28.3 281.463662840195
28.4 281.200914321612
28.5 280.940551417255
28.6 280.682562267445
28.7 280.426935027391
28.8 280.17365786708
28.9 279.922718971173
29 279.674106538893
29.1 279.427808783915
29.2 279.183813934253
29.3 278.942110232151
29.4 278.70268593396
29.5 278.465529310027
29.6 278.230628644576
29.7 277.997972235591
29.8 277.767548394689
29.9 277.539345447007
30 277.313351731076
30.1 277.089555598695
30.2 276.867945414811
30.3 276.648509557389
30.4 276.431236417291
30.5 276.216114398142
30.6 276.003131916209
30.7 275.792277400266
30.8 275.583539291468
30.9 275.376906043219
31 275.172366121044
31.1 274.969908002451
31.2 274.769520176807
31.3 274.5711911452
31.4 274.374909420307
31.5 274.180663526261
31.6 273.988441998519
31.7 273.798233383725
31.8 273.610026239576
31.9 273.42380913469
32 273.239570648468
32.1 273.057299370961
32.2 272.876983902735
32.3 272.698612854736
32.4 272.522174848154
32.5 272.347658514288
32.6 272.175052494414
32.7 272.004345439645
32.8 271.835526010802
32.9 271.668582878277
33 271.503504721899
33.1 271.3402802308
33.2 271.178898103283
33.3 271.019347046689
33.4 270.861615777263
33.5 270.705693020022
33.6 270.551567508627
33.7 270.399227985248
33.8 270.248663200437
33.9 270.099861912995
34 269.952812889846
34.1 269.807504905909
34.2 269.66392674397
34.3 269.522067194554
34.4 269.381915055801
34.5 269.243459133344
34.6 269.106688240179
34.7 268.97159119655
34.8 268.838156829821
34.9 268.706373974359
35 268.576231471413
35.1 268.447718169
35.2 268.32082292178
35.3 268.19553459095
35.4 268.071842044121
35.5 267.949734155212
35.6 267.829199804334
35.7 267.710227877681
35.8 267.592807267422
35.9 267.476926871594
36 267.362575593994
36.1 267.249742344078
36.2 267.138416036856
36.3 267.028585592796
36.4 266.920239937716
36.5 266.813368002697
36.6 266.70795872398
36.7 266.604001042876
36.8 266.501483905672
36.9 266.400396263543
37 266.300727072464
37.1 266.202465293123
37.2 266.105599890834
37.3 266.010119835464
37.4 265.916014101341
37.5 265.823271667188
37.6 265.731881516039
37.7 265.641832635169
37.8 265.553114016023
37.9 265.465714654146
38 265.379623549117
38.1 265.294829704485
38.2 265.211322127706
38.3 265.129089830086
38.4 265.04812182672
38.5 264.968407136441
38.6 264.889934781767
38.7 264.812693788849
38.8 264.736673187428
38.9 264.661862010789
39 264.588249295717
39.1 264.515824082462
39.2 264.444575414699
39.3 264.374492339499
39.4 264.305563907291
39.5 264.237779171843
39.6 264.171127190228
39.7 264.105597022808
39.8 264.041177733211
39.9 263.977858388316
40 263.91562805824
40.1 263.854475816326
40.2 263.794390739135
40.3 263.735361906442
40.4 263.677378401238
40.5 263.620429309723
40.6 263.564503721321
40.7 263.509590728679
40.8 263.455679427685
40.9 263.402758917476
41 263.350818300459
41.1 263.299846682332
41.2 263.249833172107
41.3 263.200766882134
41.4 263.152636928138
41.5 263.105432429248
41.6 263.059142508035
41.7 263.013756290553
41.8 262.969262906383
41.9 262.925651488682
42 262.88291117423
42.1 262.841031103488
42.2 262.800000420654
42.3 262.759808273725
42.4 262.720443814561
42.5 262.681896198953
42.6 262.644154586699
42.7 262.607208141672
42.8 262.571046031907
42.9 262.535657429678
43 262.501031511588
43.1 262.467157458657
43.2 262.434024456415
43.3 262.401621695003
43.4 262.369938369269
43.5 262.338963678877
43.6 262.308686828413
43.7 262.279097027497
43.8 262.250183490902
43.9 262.22193543867
44 262.194342096237
44.1 262.16739269456
44.2 262.141076470248
44.3 262.115382665697
44.4 262.090300529229
44.5 262.065819315232
44.6 262.041928284309
44.7 262.018616703428
44.8 261.995873846072
44.9 261.973688992403
45 261.952051429415
45.1 261.93095045111
45.2 261.910375358656
45.3 261.890315460569
45.4 261.870760072884
45.5 261.851698519341
45.6 261.833120131564
45.7 261.815014249251
45.8 261.797370220372
45.9 261.780177401355
46 261.763425157295
46.1 261.747102862153
46.2 261.731199898965
46.3 261.715705660054
46.4 261.700609547243
46.5 261.685900972079
46.6 261.67156935605
46.7 261.657604130817
46.8 261.64399473844
46.9 261.630730631618
47 261.617801273922
47.1 261.605196140039
47.2 261.59290471602
47.3 261.580916499526
47.4 261.569221000081
47.5 261.557807739336
47.6 261.54666625132
47.7 261.535786082712
47.8 261.525156793105
47.9 261.514767955281
48 261.504609155482
48.1 261.494669993697
48.2 261.484940083935
48.3 261.475409054521
48.4 261.466066548378
48.5 261.456902223328
48.6 261.447905752384
48.7 261.439066824051
48.8 261.430375142635
48.9 261.421820428546
49 261.41339241861
49.1 261.405080866387
49.2 261.396875542485
49.3 261.388766234886
49.4 261.380742749264
49.5 261.372794909323
49.6 261.364912557121
49.7 261.357085553406
49.8 261.349303777959
49.9 261.341557129929
50 261.333835528183
50.1 261.32612891165
50.2 261.318427239673
50.3 261.310720492367
50.4 261.302998670969
50.5 261.295251798204
50.6 261.287469918645
50.7 261.279643099081
50.8 261.271761428887
50.9 261.263815020391
51 261.255794009256
51.1 261.247688554851
51.2 261.239488840638
51.3 261.231185074548
51.4 261.222767489374
51.5 261.214226343155
51.6 261.205551919568
51.7 261.196734528323
51.8 261.187764505559
51.9 261.178632214242
52 261.169328044566
52.1 261.15984241436
52.2 261.150165769488
52.3 261.140288584262
52.4 261.130201361853
52.5 261.119894634699
52.6 261.109358964924
52.7 261.098584944756
52.8 261.087563196939
52.9 261.076284375165
53 261.064739164487
53.1 261.052918281748
53.2 261.040812476011
53.3 261.028412528981
53.4 261.01570925544
53.5 261.002693503677
53.6 260.989356155924
53.7 260.975688128787
53.8 260.961680373686
53.9 260.947323877292
54 260.932609661969
54.1 260.917528786209
54.2 260.90207234508
54.3 260.886231470667
54.4 260.869997332517
54.5 260.853361138082
54.6 260.83631413317
54.7 260.818847602392
54.8 260.800952869605
54.9 260.782621298369
55 260.763844292393
55.1 260.744613295985
55.2 260.724919794506
55.3 260.704755314822
55.4 260.684111425755
55.5 260.662979738535
55.6 260.641351907259
55.7 260.619219629338
55.8 260.596574645956
55.9 260.57340874252
56 260.549713749121
56.1 260.525481540979
56.2 260.500704038905
56.3 260.475373209753
56.4 260.449481066873
56.5 260.423019670566
56.6 260.395981128535
56.7 260.368357596344
56.8 260.340141277865
56.9 260.311324425731
57 260.28189934179
57.1 260.251858377557
57.2 260.221193934658
57.3 260.189898465286
57.4 260.157964472646
57.5 260.125384511404
57.6 260.092151188132
57.7 260.058257161755
57.8 260.023695143995
57.9 259.988457899813
58 259.95253824785
58.1 259.915929060872
58.2 259.878623266201
58.3 259.84061384616
58.4 259.801893838503
58.5 259.762456336851
58.6 259.722294491126
58.7 259.681401507977
58.8 259.639770651213
58.9 259.597395242224
59 259.554268660411
59.1 259.510384343603
59.2 259.465735788483
59.3 259.420316550998
59.4 259.37412024678
59.5 259.327140551556
59.6 259.279371201558
59.7 259.230805993935
59.8 259.181438787151
59.9 259.131263501392
60 259.080274118965
60.1 259.028464684691
60.2 258.975829306304
60.3 258.922362154836
60.4 258.868057465007
60.5 258.812909535611
60.6 258.756912729892
60.7 258.700061475925
60.8 258.64235026699
60.9 258.583773661941
61 258.524326285573
61.1 258.464002828989
61.2 258.402798049953
61.3 258.340706773253
61.4 258.277723891048
61.5 258.213844363219
61.6 258.149063217712
61.7 258.083375550879
61.8 258.016776527812
61.9 257.949261382676
62 257.880825419038
62.1 257.811464010188
62.2 257.741172599458
62.3 257.669946700538
62.4 257.597781897784
62.5 257.524673846525
62.6 257.450618273362
62.7 257.375610976463
62.8 257.299647825858
62.9 257.222724763719
63 257.144837804649
63.1 257.065983035952
63.2 256.986156617905
63.3 256.905354784029
63.4 256.823573841342
63.5 256.740810170625
63.6 256.657060226661
63.7 256.57232053849
63.8 256.486587709643
63.9 256.399858418378
64 256.31212941791
64.1 256.223397536633
64.2 256.133659678337
64.3 256.042912822421
64.4 255.951154024099
64.5 255.858380414601
64.6 255.764589201367
64.7 255.669777668235
64.8 255.573943175628
64.9 255.477083160724
65 255.379195137632
65.1 255.280276697558
65.2 255.180325508958
65.3 255.079339317696
65.4 254.977315947187
65.5 254.874253298539
65.6 254.770149350688
65.7 254.66500216052
65.8 254.558809863
65.9 254.451570671281
66 254.343282876815
66.1 254.233944849454
66.2 254.123555037546
66.3 254.012111968024
66.4 253.899614246485
66.5 253.786060557273
66.6 253.671449663541
66.7 253.555780407316
66.8 253.439051709556
66.9 253.321262570197
67 253.202412068197
67.1 253.082499361569
67.2 252.961523687412
67.3 252.839484361934
67.4 252.716380780461
67.5 252.592212417454
67.6 252.466978826502
67.7 252.340679640322
67.8 252.213314570745
67.9 252.084883408695
68 251.955386024164
68.1 251.824822366178
68.2 251.693192462757
68.3 251.56049642087
68.4 251.426734426376
68.5 251.291906743966
68.6 251.156013717093
68.7 251.0190557679
68.8 250.881033397133
68.9 250.741947184056
69 250.601797786349
69.1 250.460585940012
69.2 250.318312459249
69.3 250.174978236352
69.4 250.030584241578
69.5 249.885131523014
69.6 249.738621206443
69.7 249.591054495195
69.8 249.442432669997
69.9 249.29275708881
70 249.142029186667
70.1 248.990250475495
70.2 248.83742254394
70.3 248.683547057172
70.4 248.5286257567
70.5 248.372660460161
70.6 248.215653061121
70.7 248.057605528853
70.8 247.89851990812
70.9 247.738398318942
71 247.577242956365
71.1 247.415056090215
71.2 247.251840064851
71.3 247.087597298909
71.4 246.922330285037
71.5 246.756041589631
71.6 246.588733852553
71.7 246.420409786854
71.8 246.251072178482
71.9 246.080723885984
72 245.909367840212
72.1 245.737007044003
72.2 245.563644571875
72.3 245.389283569697
72.4 245.213927254367
72.5 245.037578913473
72.6 244.860241904955
72.7 244.68191965676
72.8 244.502615666485
72.9 244.32233350102
73 244.141076796182
73.1 243.958849256346
73.2 243.775654654064
73.3 243.591496829684
73.4 243.406379690959
73.5 243.220307212654
73.6 243.033283436143
73.7 242.845312469005
73.8 242.656398484606
73.9 242.466545721687
74 242.275758483938
74.1 242.084041139566
74.2 241.891398120864
74.3 241.697833923769
74.4 241.503353107417
74.5 241.307960293691
74.6 241.111660166764
74.7 240.914457472643
74.8 240.716357018693
74.9 240.517363673176
75 240.317482364765
75.1 240.11671808207
75.2 239.915075873147
75.3 239.712560845008
75.4 239.509178163125
75.5 239.30493305093
75.6 239.099830789308
75.7 238.89387671609
75.8 238.687076225538
75.9 238.479434767823
76 238.270957848508
76.1 238.061651028017
76.2 237.851519921102
76.3 237.640570196313
76.4 237.428807575455
76.5 237.216237833045
76.6 237.002866795764
76.7 236.78870034191
76.8 236.573744400837
76.9 236.358004952403
77 236.141488026403
77.1 235.924199702008
77.2 235.706146107191
77.3 235.48733341816
77.4 235.267767858781
77.5 235.047455699998
77.6 234.826403259251
77.7 234.604616899897
77.8 234.382103030615
77.9 234.158868104819
78 233.934918620067
78.1 233.710261117463
78.2 233.484902181058
78.3 233.25884843725
78.4 233.032106554181
78.5 232.804683241133
78.6 232.576585247917
78.7 232.347819364263
78.8 232.118392419213
78.9 231.888311280499
79 231.657582853936
79.1 231.426214082795
79.2 231.19421194719
79.3 230.961583463456
79.4 230.728335683521
79.5 230.494475694289
79.6 230.260010617009
79.7 230.02494760665
79.8 229.789293851274
79.9 229.553056571402
80 229.316243019389
80.1 229.07886047879
80.2 228.840916263726
80.3 228.602417718254
80.4 228.363372215731
80.5 228.123787158181
80.6 227.883669975658
80.7 227.643028125611
80.8 227.40186909225
80.9 227.160200385906
81 226.918029542399
81.1 226.675364122397
81.2 226.432211710783
81.3 226.188579916014
81.4 225.944476369491
81.5 225.699908724914
81.6 225.454884657655
81.7 225.209411864114
81.8 224.96349806109
81.9 224.717150985143
82 224.470378391959
82.1 224.223188055721
82.2 223.97558776847
82.3 223.727585339479
82.4 223.479188594617
82.5 223.230405375722
82.6 222.981243539971
82.7 222.731710959254
82.8 222.481815519543
82.9 222.231565120271
83 221.980967673708
83.1 221.730031104335
83.2 221.478763348226
83.3 221.227172352428
83.4 220.975266074343
83.5 220.723052481112
83.6 220.470539549003
83.7 220.217735262794
83.8 219.964647615169
83.9 219.711284606104
84 219.457654242265
84.1 219.203764536402
84.2 218.949623506748
84.3 218.695239176418
84.4 218.440619572817
84.5 218.185772727037
84.6 217.930706673275
84.7 217.675429448235
84.8 217.419949090544
84.9 217.16427364017
85 216.90841113784
85.1 216.652369624456
85.2 216.396157140528
85.3 216.139781725595
85.4 215.883251417657
85.5 215.626574252609
85.6 215.369758263677
85.7 215.112811480855
85.8 214.855741930355
85.9 214.598557634045
86 214.341266608902
86.1 214.083876866467
86.2 213.826396412296
86.3 213.568833245426
86.4 213.311195357834
86.5 213.053490733905
86.6 212.795727349904
86.7 212.537913173447
86.8 212.280056162985
86.9 212.022164267278
87 211.764245424888
87.1 211.506307563664
87.2 211.248358600237
87.3 210.990406439518
87.4 210.732458974199
87.5 210.474524084259
87.6 210.21660963647
87.7 209.958723483919
87.8 209.700873465515
87.9 209.443067405523
88 209.18531311308
88.1 208.927618381731
88.2 208.669990988964
88.3 208.412438695748
88.4 208.154969246076
88.5 207.897590366516
88.6 207.640309765759
88.7 207.383135134181
88.8 207.126074143403
88.9 206.869134445853
89 206.612323674342
89.1 206.355649441639
89.2 206.099119340044
89.3 205.842740940983
89.4 205.586521794587
89.5 205.330469429292
89.6 205.074591351436
89.7 204.818895044861
89.8 204.563387970521
89.9 204.308077566097
90 204.052971245613
90.1 203.798076399055
90.2 203.543400392003
90.3 203.288950565262
90.4 203.034734234496
90.5 202.780758689871
90.6 202.527031195701
90.7 202.2735589901
90.8 202.020349284639
90.9 201.767409264003
91 201.514746085662
91.1 201.262366879538
91.2 201.010278747683
91.3 200.758488763958
91.4 200.507003973719
91.5 200.255831393509
91.6 200.004978010751
91.7 199.754450783449
91.8 199.504256639895
91.9 199.254402478377
92 199.004895166895
92.1 198.755741542881
92.2 198.506948412925
92.3 198.258522552502
92.4 198.01047070571
92.5 197.762799585008
92.6 197.515515870961
92.7 197.26862621199
92.8 197.022137224125
92.9 196.776055490767
93 196.530387562449
93.1 196.285139956607
93.2 196.040319157355
93.3 195.79593161526
93.4 195.551983747131
93.5 195.308481935802
93.6 195.06543252993
93.7 194.822841843789
93.8 194.580716157076
93.9 194.339061714719
94 194.097884726684
94.1 193.8571913678
94.2 193.616987777576
94.3 193.377280060026
94.4 193.138074283508
94.5 192.899376480549
94.6 192.661192647697
94.7 192.423528745357
94.8 192.186390697646
94.9 191.949784392246
95 191.713715680262
95.1 191.478190376089
95.2 191.243214257275
95.3 191.008793064398
95.4 190.774932500941
95.5 190.541638233172
95.6 190.308915890035
95.7 190.076771063035
95.8 189.845209306134
95.9 189.614236135652
96 189.383857030169
96.1 189.154077430433
96.2 188.92490273927
96.3 188.696338321504
96.4 188.468389503873
96.5 188.241061574957
96.6 188.014359785104
96.7 187.788289346366
96.8 187.562855432431
96.9 187.338063178569
97 187.113917681574
97.1 186.890423999712
97.2 186.667587152678
97.3 186.445412121547
97.4 186.22390384874
97.5 186.003067237985
97.6 185.782907154287
97.7 185.563428423899
97.8 185.344635834299
97.9 185.126534134169
98 184.909128033378
98.1 184.692422202969
98.2 184.476421275148
98.3 184.261129843282
98.4 184.046552461894
98.5 183.832693646662
98.6 183.619557874428
98.7 183.407149583202
98.8 183.195473172175
98.9 182.984533001737
99 182.774333393487
99.1 182.564878630262
99.2 182.356172956158
99.3 182.148220576556
99.4 181.941025658159
99.5 181.734592329018
99.6 181.528924678575
99.7 181.324026757701
99.8 181.119902578738
99.9 180.916556115548
100 180.713991303558
