0 300
0.1 299.114436150692
0.2 298.232357611104
0.3 297.353786452566
0.4 296.478720258115
0.5 295.607156517663
0.6 294.739092628745
0.7 293.874525897268
0.8 293.013453538266
0.9 292.155872676653
1 291.30178034798
1.1 290.451173499198
1.2 289.604048989413
1.3 288.760403590655
1.4 287.920233988638
1.5 287.083536783531
1.6 286.250308490721
1.7 285.420545541585
1.8 284.59424428426
1.9 283.771400984412
2 282.952011826012
2.1 282.136072912106
2.2 281.323580265591
2.3 280.514529829988
2.4 279.708917470218
2.5 278.906738973379
2.6 278.107990049517
2.7 277.312666332408
2.8 276.520763380331
2.9 275.732276676844
3 274.947201631561
3.1 274.165533580928
3.2 273.387267788996
3.3 272.612399448199
3.4 271.84092368013
3.5 271.072835536309
3.6 270.308129998961
3.7 269.546801981788
3.8 268.788846330741
3.9 268.034257824786
4 267.283031176679
4.1 266.535161033732
4.2 265.790641978581
4.3 265.04946852995
4.4 264.311635143415
4.5 263.57713621217
4.6 262.845966067786
4.7 262.118118980968
4.8 261.393589162318
4.9 260.672370763085
5 259.954457875924
5.1 259.239844535644
5.2 258.528524719959
5.3 257.820492350238
5.4 257.115741292245
5.5 256.414265356887
5.6 255.716058300952
5.7 255.021113827846
5.8 254.329425588334
5.9 253.640987181265
6 252.955792154309
6.1 252.273834004681
6.2 251.595106179869
6.3 250.91960207835
6.4 250.247315050315
6.5 249.578238398381
6.6 248.912365378307
6.7 248.249689199701
6.8 247.590203026727
6.9 246.933899978811
7 246.280773131337
7.1 245.630815516345
7.2 244.984020123229
7.3 244.340379899417
7.4 243.699887751069
7.5 243.062536543748
7.6 242.42831910311
7.7 241.797228215571
7.8 241.169256628985
7.9 240.544397053306
8 239.922642161258
8.1 239.303984588992
8.2 238.688416936743
8.3 238.075931769484
8.4 237.466521617573
8.5 236.860178977398
8.6 236.256896312017
8.7 235.656666051796
8.8 235.059480595042
8.9 234.465332308627
9 233.874213528616
9.1 233.286116560886
9.2 232.70103368174
9.3 232.118957138519
9.4 231.539879150212
9.5 230.963791908052
9.6 230.39068757612
9.7 229.820558291936
9.8 229.253396167049
9.9 228.689193287623
10 228.127941715015
10.1 227.569633486353
10.2 227.014260615106
10.3 226.461815091651
10.4 225.912288883837
10.5 225.365673937541
10.6 224.82196217722
10.7 224.281145506462
10.8 223.743215808528
10.9 223.208164946891
11 222.675984765773
11.1 222.14666709067
11.2 221.62020372888
11.3 221.096586470026
11.4 220.575807086566
11.5 220.057857334305
11.6 219.542728952905
11.7 219.030413666383
11.8 218.520903183607
11.9 218.01418919879
12 217.510263391974
12.1 217.009117429517
12.2 216.510742964564
12.3 216.015131637524
12.4 215.522275076536
12.5 215.032164897933
12.6 214.544792706699
12.7 214.06015009692
12.8 213.578228652239
12.9 213.099019946292
13 212.622515543153
13.1 212.148706997762
13.2 211.677585856359
13.3 211.209143656906
13.4 210.743371929507
13.5 210.280262196822
13.6 209.819805974478
13.7 209.361994771472
13.8 208.906820090572
13.9 208.454273428716
14 208.004346277394
14.1 207.557030123045
14.2 207.112316447427
14.3 206.670196728001
14.4 206.2306624383
14.5 205.793705048293
14.6 205.359316024753
14.7 204.927486831608
14.8 204.498208930296
14.9 204.071473780115
15 203.647272838562
15.1 203.225597561674
15.2 202.806439404362
15.3 202.389789820738
15.4 201.975640264441
15.5 201.563982188954
15.6 201.154807047925
15.7 200.748106295471
15.8 200.343871386488
15.9 199.942093776949
16 199.542764924206
16.1 199.145876287276
16.2 198.751419327134
16.3 198.35938550699
16.4 197.969766292575
16.5 197.582553152411
16.6 197.197737558079
16.7 196.815310984489
16.8 196.435264910138
16.9 196.057590817366
17 195.682280192609
17.1 195.309324526647
17.2 194.938715314848
17.3 194.570444057404
17.4 194.20450225957
17.5 193.84088143189
17.6 193.479573090428
17.7 193.120568756986
17.8 192.763859959323
17.9 192.40943823137
18 192.057295113437
18.1 191.70742215242
18.2 191.359810902003
18.3 191.014452922851
18.4 190.671339782809
18.5 190.330463057086
18.6 189.99181432844
18.7 189.655385187364
18.8 189.321167232256
18.9 188.9891520696
19 188.659331314125
19.1 188.331696588981
19.2 188.006239525891
19.3 187.682951765315
19.4 187.361824956601
19.5 187.042850758135
19.6 186.726020837487
19.7 186.411326871553
19.8 186.098760546696
19.9 185.788313558877
20 185.479977613791
20.1 185.173744426991
20.2 184.869605724013
20.3 184.567553240499
20.4 184.267578722309
20.5 183.96967392564
20.6 183.673830617132
20.7 183.380040573975
20.8 183.088295584017
20.9 182.798587445854
21 182.510907968936
21.1 182.225248973656
21.2 181.941602291437
21.3 181.659959764824
21.4 181.380313247562
21.5 181.10265460468
21.6 180.826975712563
21.7 180.553268459031
21.8 180.281524743406
21.9 180.011736476579
22 179.743895581076
22.1 179.477993991119
22.2 179.214023652681
22.3 178.951976523546
22.4 178.691844573359
22.5 178.433619783672
22.6 178.177294147998
22.7 177.922859671847
22.8 177.670308372768
22.9 177.419632280393
23 177.170823436465
23.1 176.923873894871
23.2 176.678775721678
23.3 176.43552099515
23.4 176.194101805783
23.5 175.954510256318
23.6 175.716738461763
23.7 175.480778549412
23.8 175.246622658856
23.9 175.014262941995
24 174.783691563047
24.1 174.554900698556
24.2 174.327882537393
24.3 174.102629280761
24.4 173.879133142194
24.5 173.657386347551
24.6 173.437381135015
24.7 173.219109755083
24.8 173.002564470556
24.9 172.78773755653
25 172.574621300377
25.1 172.363208001736
25.2 172.153489972487
25.3 171.945459536736
25.4 171.739109030791
25.5 171.534430803137
25.6 171.331417214411
25.7 171.130060637372
25.8 170.930353456872
25.9 170.732288069824
26 170.535856885168
26.1 170.341052323835
26.2 170.147866818708
26.3 169.956292814585
26.4 169.766322768136
26.5 169.577949147864
26.6 169.391164434055
26.7 169.205961118736
26.8 169.022331705625
26.9 168.840268710084
27 168.659764659067
27.1 168.480812091067
27.2 168.303403556064
27.3 168.127531615466
27.4 167.953188842058
27.5 167.78036781994
27.6 167.609061144468
27.7 167.439261422193
27.8 167.270961270802
27.9 167.10415331905
28 166.938830206698
28.1 166.774984584447
28.2 166.612609113872
28.3 166.451696467352
28.4 166.292239327999
28.5 166.134230389594
28.6 165.97766235651
28.7 165.82252794364
28.8 165.668819876326
28.9 165.516530890283
29 165.365653731524
29.1 165.216181156284
29.2 165.06810593094
29.3 164.921420831939
29.4 164.776118645713
29.5 164.632192168602
29.6 164.489634206774
29.7 164.348437576145
29.8 164.208595102291
29.9 164.070099620374
30 163.932943975053
30.1 163.797121020401
30.2 163.662623619822
30.3 163.529444645967
30.4 163.397576980645
30.5 163.26701351474
30.6 163.137747148122
30.7 163.009770789563
30.8 162.883077356647
30.9 162.757659775685
31 162.633510981624
31.1 162.51062391796
31.2 162.38899153665
31.3 162.268606798021
31.4 162.149462670683
31.5 162.031552131437
31.6 161.914868165189
31.7 161.799403764856
31.8 161.685151931278
31.9 161.57210567313
32 161.460258006827
32.1 161.349601956439
32.2 161.240130553597
32.3 161.131836837405
32.4 161.024713854348
32.5 160.918754658204
32.6 160.813952309952
32.7 160.710299877684
32.8 160.607790436513
32.9 160.506417068487
33 160.406172862494
33.1 160.307050914178
33.2 160.209044325848
33.3 160.11214620639
33.4 160.016349671178
33.5 159.921647841985
33.6 159.828033846898
33.7 159.735500820228
33.8 159.644041902427
33.9 159.553650239998
34 159.464318985407
34.1 159.376041297007
34.2 159.288810338941
34.3 159.202619281066
34.4 159.117461298868
34.5 159.033329573375
34.6 158.950217291078
34.7 158.868117643848
34.8 158.787023828855
34.9 158.706929048486
35 158.627826510267
35.1 158.549709426784
35.2 158.472571015601
35.3 158.396404499189
35.4 158.321203104843
35.5 158.246960064611
35.6 158.173668615214
35.7 158.101321997977
35.8 158.029913458753
35.9 157.959436247851
36 157.889883619966
36.1 157.821248834107
36.2 157.75352515353
36.3 157.686705845667
36.4 157.620784182061
36.5 157.555753438299
36.6 157.49160689395
36.7 157.428337832496
36.8 157.365939541273
36.9 157.304405311409
37 157.243728437763
37.1 157.183902218868
37.2 157.12491995687
37.3 157.066774957475
37.4 157.00946052989
37.5 156.952969986775
37.6 156.897296644183
37.7 156.842433821516
37.8 156.78837484147
37.9 156.735113029989
38 156.682641716218
38.1 156.630954232458
38.2 156.580043914121
38.3 156.529904099688
38.4 156.480528130666
38.5 156.431909351553
38.6 156.384041109795
38.7 156.336916755756
38.8 156.290529642674
38.9 156.244873126639
39 156.199940566551
39.1 156.155725324097
39.2 156.112220763722
39.3 156.069420252599
39.4 156.027317160608
39.5 155.985904860311
39.6 155.945176726932
39.7 155.905126138335
39.8 155.86574647501
39.9 155.827031120053
40 155.788973459154
40.1 155.751566880587
40.2 155.714804775195
40.3 155.678680536382
40.4 155.643187560112
40.5 155.608319244897
40.6 155.574068991797
40.7 155.540430204422
40.8 155.507396288926
40.9 155.474960654019
41 155.443116710963
41.1 155.411857873587
41.2 155.381177558288
41.3 155.35106918405
41.4 155.321526172451
41.5 155.292541947679
41.6 155.264109936555
41.7 155.236223568543
41.8 155.208876275778
41.9 155.182061493087
42 155.155772658015
42.1 155.130003210854
42.2 155.104746594669
42.3 155.079996255334
42.4 155.055745641565
42.5 155.031988204955
42.6 155.008717400013
42.7 154.985926684208
42.8 154.963609518006
42.9 154.94175936492
43 154.920369691555
43.1 154.899433967659
43.2 154.878945666173
43.3 154.858898263289
43.4 154.8392852385
43.5 154.820100074665
43.6 154.801336258066
43.7 154.782987278474
43.8 154.765046629212
43.9 154.747507807224
44 154.730364313145
44.1 154.713609651375
44.2 154.69723733015
44.3 154.681240861623
44.4 154.665613761942
44.5 154.65034955133
44.6 154.635441754172
44.7 154.620883899101
44.8 154.606669519084
44.9 154.592792151516
45 154.579245338314
45.1 154.56602262601
45.2 154.55311756585
45.3 154.540523713898
45.4 154.528234631134
45.5 154.516243883562
45.6 154.504545042318
45.7 154.493131683778
45.8 154.481997389672
45.9 154.4711357472
46 154.460540349145
46.1 154.450204793996
46.2 154.440122686069
46.3 154.430287635632
46.4 154.420693259027
46.5 154.411333178806
46.6 154.402201023856
46.7 154.393290429538
46.8 154.384595037816
46.9 154.376108497402
47 154.367824463894
47.1 154.359736599917
47.2 154.351838575271
47.3 154.344124067077
47.4 154.336586759926
47.5 154.329220346034
47.6 154.322018525395
47.7 154.314975005934
47.8 154.308083503673
47.9 154.301337742886
48 154.294731456265
48.1 154.288258385086
48.2 154.281912279377
48.3 154.275686898086
48.4 154.269576009256
48.5 154.263573390197
48.6 154.257672827665
48.7 154.251868118039
48.8 154.246153067505
48.9 154.240521492235
49 154.234967218576
49.1 154.229484083232
49.2 154.224065933464
49.3 154.218706627268
49.4 154.21340003358
49.5 154.208140032467
49.6 154.202920515322
49.7 154.197735385071
49.8 154.192578556368
49.9 154.187443955801
50 154.1823255221
50.1 154.177217206341
50.2 154.17211297216
50.3 154.167006795958
50.4 154.161892667122
50.5 154.156764588233
50.6 154.151616575289
50.7 154.146442657921
50.8 154.141236879614
50.9 154.135993297928
51 154.130705984726
51.1 154.125369026397
51.2 154.119976524084
51.3 154.114522593914
51.4 154.109001367229
51.5 154.103406990819
51.6 154.097733627154
51.7 154.091975454621
51.8 154.086126667764
51.9 154.080181477519
52 154.074134111456
52.1 154.067978814021
52.2 154.061709846779
52.3 154.055321488659
52.4 154.048808036197
52.5 154.042163803791
52.6 154.03538312394
52.7 154.028460347503
52.8 154.021389843942
52.9 154.014166001582
53 154.006783227859
53.1 153.999235949578
53.2 153.991518613169
53.3 153.983625684941
53.4 153.975551651344
53.5 153.967291019226
53.6 153.958838316092
53.7 153.950188090371
53.8 153.941334911668
53.9 153.932273371038
54 153.922998081241
54.1 153.913503677011
54.2 153.903784815321
54.3 153.893836175649
54.4 153.883652460244
54.5 153.873228394392
54.6 153.862558726689
54.7 153.851638229306
54.8 153.840461698258
54.9 153.829023953676
55 153.817319840077
55.1 153.805344226632
55.2 153.793092007439
55.3 153.780558101798
55.4 153.767737454475
55.5 153.754625035982
55.6 153.741215842843
55.7 153.72750489787
55.8 153.713487250437
55.9 153.699157976748
56 153.684512180114
56.1 153.669544991224
56.2 153.654251568418
56.3 153.638627097962
56.4 153.622666794315
56.5 153.60636590041
56.6 153.589719687919
56.7 153.572723457527
56.8 153.555372539208
56.9 153.53766229249
57 153.519588106733
57.1 153.501145401393
57.2 153.482329626298
57.3 153.463136261914
57.4 153.443560819616
57.5 153.423598841959
57.6 153.403245902941
57.7 153.382497608274
57.8 153.361349595649
57.9 153.339797535004
58 153.317837128788
58.1 153.295464112223
58.2 153.272674253573
58.3 153.2494633544
58.4 153.225827249829
58.5 153.201761808809
58.6 153.177262934371
58.7 153.152326563884
58.8 153.126948669317
58.9 153.101125257491
59 153.074852370335
59.1 153.048126085139
59.2 153.020942514804
59.3 152.993297808097
59.4 152.965188149895
59.5 152.936609761434
59.6 152.907558900559
59.7 152.878031861962
59.8 152.848024977428
59.9 152.817534616077
60 152.786557184601
60.1 152.755089127504
60.2 152.723126927335
60.3 152.690667104924
60.4 152.657706219614
60.5 152.624240869488
60.6 152.590267691603
60.7 152.555783362209
60.8 152.520784596979
60.9 152.485268151227
61 152.449230820127
61.1 152.412669438937
61.2 152.375580883204
61.3 152.337962068985
61.4 152.299809953055
61.5 152.261121533113
61.6 152.221893847992
61.7 152.182123977858
61.8 152.141809044413
61.9 152.100946211093
62 152.059532683261
62.1 152.017565708407
62.2 151.975042576328
62.3 151.931960619323
62.4 151.888317212378
62.5 151.844109773341
62.6 151.79933576311
62.7 151.753992685802
62.8 151.708078088931
62.9 151.661589563576
63 151.614524744548
63.1 151.566881310558
63.2 151.518656984373
63.3 151.469849532979
63.4 151.420456767732
63.5 151.370476544513
63.6 151.319906763874
63.7 151.268745371187
63.8 151.216990356781
63.9 151.164639756086
64 151.111691649765
64.1 151.058144163847
64.2 151.003995469856
64.3 150.949243784936
64.4 150.893887371973
64.5 150.837924539712
64.6 150.781353642873
64.7 150.724173082261
64.8 150.666381304876
64.9 150.607976804013
65 150.548958119365
65.1 150.489323837117
65.2 150.429072590043
65.3 150.368203057591
65.4 150.30671396597
65.5 150.24460408823
65.6 150.181872244344
65.7 150.118517301276
65.8 150.054538173055
65.9 149.989933820839
66 149.924703252979
66.1 149.858845525074
66.2 149.792359740032
66.3 149.725245048111
66.4 149.657500646972
66.5 149.589125781721
66.6 149.520119744943
66.7 149.450481876742
66.8 149.380211564765
66.9 149.309308244233
67 149.237771397961
67.1 149.165600556377
67.2 149.092795297532
67.3 149.019355247116
67.4 148.945280078457
67.5 148.870569512528
67.6 148.795223317937
67.7 148.71924131093
67.8 148.642623355369
67.9 148.565369362724
68 148.48747929205
68.1 148.408953149965
68.2 148.329790990618
68.3 148.249992915663
68.4 148.169559074216
68.5 148.088489662818
68.6 148.006784925388
68.7 147.924445153177
68.8 147.841470684708
68.9 147.757861905723
69 147.673619249123
69.1 147.588743194893
69.2 147.503234270041
69.3 147.417093048517
69.4 147.330320151135
69.5 147.242916245491
69.6 147.154882045875
69.7 147.066218313178
69.8 146.976925854795
69.9 146.887005524529
70 146.796458222481
70.1 146.705284894944
70.2 146.613486534291
70.3 146.521064178853
70.4 146.428018912804
70.5 146.334351866031
70.6 146.240064214005
70.7 146.145157177648
70.8 146.049632023193
70.9 145.953490062046
71 145.856732650633
71.1 145.759361190255
71.2 145.661377126931
71.3 145.562781951242
71.4 145.463577198165
71.5 145.363764446905
71.6 145.263345320731
71.7 145.162321486796
71.8 145.060694655957
71.9 144.958466582597
72 144.855639064436
72.1 144.75221394234
72.2 144.648193100126
72.3 144.543578464367
72.4 144.438372004187
72.5 144.332575731053
72.6 144.226191698572
72.7 144.119222002271
72.8 144.011668779383
72.9 143.903534208623
73 143.794820509969
73.1 143.685529944428
73.2 143.575664813806
73.3 143.465227460473
73.4 143.354220267123
73.5 143.242645656534
73.6 143.130506091316
73.7 143.017804073669
73.8 142.904542145122
73.9 142.790722886284
74 142.676348916579
74.1 142.561422893983
74.2 142.445947514763
74.3 142.3299255132
74.4 142.213359661321
74.5 142.096252768619
74.6 141.978607681779
74.7 141.86042728439
74.8 141.741714496664
74.9 141.622472275143
75 141.502703612412
75.1 141.382411536803
75.2 141.261599112096
75.3 141.140269437219
75.4 141.018425645949
75.5 140.8960709066
75.6 140.773208421718
75.7 140.649841427771
75.8 140.525973194831
75.9 140.401607026261
76 140.276746258394
76.1 140.151394260212
76.2 140.025554433022
76.3 139.899230210127
76.4 139.772425056503
76.5 139.64514246846
76.6 139.517385973314
76.7 139.389159129051
76.8 139.260465523984
76.9 139.131308776419
77 139.001692534309
77.1 138.871620474911
77.2 138.741096304437
77.3 138.61012375771
77.4 138.478706597813
77.5 138.346848615732
77.6 138.214553630008
77.7 138.081825486378
77.8 137.94866805742
77.9 137.815085242191
78 137.68108096587
78.1 137.546659179391
78.2 137.411823859083
78.3 137.276579006307
78.4 137.140928647081
78.5 137.004876831722
78.6 136.868427634468
78.7 136.731585153116
78.8 136.594353508643
78.9 136.456736844837
79 136.318739327921
79.1 136.18036514618
79.2 136.041618509586
79.3 135.902503649415
79.4 135.763024817878
79.5 135.623186287733
79.6 135.482992351915
79.7 135.342447323147
79.8 135.201555533566
79.9 135.060321334336
80 134.918749095272
80.1 134.77684320445
80.2 134.63460806783
80.3 134.49204810887
80.4 134.349167768142
80.5 134.20597150295
80.6 134.062463786939
80.7 133.91864910972
80.8 133.774531976477
80.9 133.630116907585
81 133.485408438226
81.1 133.340411118002
81.2 133.195129510551
81.3 133.049568193161
81.4 132.903731756387
81.5 132.757624803663
81.6 132.611251950922
81.7 132.464617826209
81.8 132.317727069295
81.9 132.170584331301
82 132.023194274305
82.1 131.875561570969
82.2 131.72769090415
82.3 131.579586966521
82.4 131.431254460191
82.5 131.282698096326
82.6 131.133922594764
82.7 130.984932683642
82.8 130.835733099017
82.9 130.686328584486
83 130.536723890813
83.1 130.386923775553
83.2 130.236933002678
83.3 130.086756342202
83.4 129.93639856981
83.5 129.785864466491
83.6 129.63515881816
83.7 129.484286415298
83.8 129.333252052578
83.9 129.182060528502
84 129.030716645038
84.1 128.879225207253
84.2 128.727591022953
84.3 128.575818902324
84.4 128.423913657569
84.5 128.271880102555
84.6 128.119723052456
84.7 127.967447323395
84.8 127.815057732099
84.9 127.66255909554
85 127.509956230592
85.1 127.357253953682
85.2 127.204457080441
85.3 127.051570425367
85.4 126.898598801476
85.5 126.74554701997
85.6 126.592419889889
85.7 126.439222217787
85.8 126.285958807387
85.9 126.132634459257
86 125.979253970475
86.1 125.825822134306
86.2 125.672343739872
86.3 125.518823571833
86.4 125.36526641006
86.5 125.211677029323
86.6 125.058060198969
86.7 124.904420682611
86.8 124.750763237814
86.9 124.597092615785
87 124.443413561069
87.1 124.28973081124
87.2 124.1360490966
87.3 123.98237313988
87.4 123.828707655943
87.5 123.675057351485
87.6 123.521426924746
87.7 123.367821065222
87.8 123.214244453371
87.9 123.060701760334
88 122.907197647651
88.1 122.753736766981
88.2 122.600323759825
88.3 122.446963257254
88.4 122.293659879633
88.5 122.140418236358
88.6 121.987242925584
88.7 121.834138533968
88.8 121.681109636402
88.9 121.528160795759
89 121.375296562638
89.1 121.222521475112
89.2 121.069840058475
89.3 120.917256825001
89.4 120.764776273696
89.5 120.61240289006
89.6 120.460141145848
89.7 120.307995498833
89.8 120.155970392579
89.9 120.004070256206
90 119.852299504168
90.1 119.700662536027
90.2 119.549163736234
90.3 119.397807473911
90.4 119.246598102638
90.5 119.095539960238
90.6 118.944637368571
90.7 118.793894633329
90.8 118.643316043831
90.9 118.492905872826
91 118.342668376292
91.1 118.19260779325
91.2 118.042728345563
91.3 117.893034237758
91.4 117.743529656835
91.5 117.59421877209
91.6 117.44510573493
91.7 117.296194678704
91.8 117.147489718526
91.9 116.998994951108
92 116.850714454591
92.1 116.702652288382
92.2 116.554812492996
92.3 116.407199089892
92.4 116.259816081326
92.5 116.112667450194
92.6 115.965757159884
92.7 115.819089154133
92.8 115.67266735688
92.9 115.526495672131
93 115.380577983816
93.1 115.234918155663
93.2 115.089520031059
93.3 114.944387432927
93.4 114.799524163602
93.5 114.654934004703
93.6 114.510620717018
93.7 114.366588040389
93.8 114.222839693594
93.9 114.079379374241
94 113.936210758658
94.1 113.793337501786
94.2 113.650763237084
94.3 113.508491576421
94.4 113.366526109988
94.5 113.224870406199
94.6 113.083528011603
94.7 112.942502450794
94.8 112.80179722633
94.9 112.661415818645
95 112.521361685975
95.1 112.381638264278
95.2 112.242248967161
95.3 112.103197185807
95.4 111.964486288911
95.5 111.826119622608
95.6 111.688100510413
95.7 111.550432253161
95.8 111.413118128948
95.9 111.276161393073
96 111.139565277991
96.1 111.003332993257
96.2 110.867467725482
96.3 110.731972638287
96.4 110.596850872257
96.5 110.462105544909
96.6 110.327739750645
96.7 110.193756560723
96.8 110.060159023222
96.9 109.926950163013
97 109.794132981729
97.1 109.661710457743
97.2 109.52968554614
97.3 109.398061178701
97.4 109.266840263882
97.5 109.136025686799
97.6 109.005620309212
97.7 108.875626969517
97.8 108.746048482734
97.9 108.616887640499
98 108.488147211063
98.1 108.359829939286
98.2 108.231938546636
98.3 108.104475731195
98.4 107.977444167655
98.5 107.850846507333
98.6 107.72468537817
98.7 107.598963384747
98.8 107.473683108293
98.9 107.348847106704
99 107.22445791455
99.1 107.100518043103
99.2 106.977029980348
99.3 106.853996191011
99.4 106.731419116577
99.5 106.609301175321
99.6 106.48764476233
99.7 106.366452249534
99.8 106.245725985737
99.9 106.125468296651
100 106.005681484927
