0 2000
0.1 1993.84868879308
0.2 1987.72234219508
0.3 1981.62111186909
0.4 1975.54497406105
0.5 1969.49390437904
0.6 1963.46787779891
0.7 1957.46686866993
0.8 1951.49085072042
0.9 1945.53979706347
1 1939.61368020253
1.1 1933.71247203719
1.2 1927.83614386881
1.3 1921.98466640627
1.4 1916.15800977166
1.5 1910.35614350598
1.6 1904.57903657492
1.7 1898.82665737454
1.8 1893.09897373703
1.9 1887.39595293642
2 1881.71756169436
2.1 1876.06376618584
2.2 1870.43453204491
2.3 1864.82982437046
2.4 1859.24960773196
2.5 1853.69384617515
2.6 1848.16250322785
2.7 1842.65554190563
2.8 1837.17292471759
2.9 1831.71461367206
3 1826.28057028231
3.1 1820.87075557231
3.2 1815.48513008239
3.3 1810.12365387499
3.4 1804.78628654029
3.5 1799.47298720196
3.6 1794.1837145228
3.7 1788.91842671041
3.8 1783.67708152284
3.9 1778.45963627426
4 1773.26604784054
4.1 1768.09627266493
4.2 1762.95026676362
4.3 1757.82798573136
4.4 1752.72938474701
4.5 1747.65441857913
4.6 1742.60304159151
4.7 1737.57520774869
4.8 1732.57087062151
4.9 1727.58998339256
5 1722.63249886172
5.1 1717.69836945155
5.2 1712.78754721278
5.3 1707.8999838297
5.4 1703.0356306256
5.5 1698.19443856812
5.6 1693.37635827461
5.7 1688.5813400175
5.8 1683.80933372959
5.9 1679.06028900934
6 1674.33415512617
6.1 1669.63088102568
6.2 1664.95041533489
6.3 1660.29270636745
6.4 1655.65770212879
6.5 1651.0453503213
6.6 1646.45559834943
6.7 1641.88839332482
6.8 1637.34368207133
6.9 1632.82141113016
7 1628.32152676477
7.1 1623.84397496597
7.2 1619.38870145684
7.3 1614.95565169766
7.4 1610.54477089083
7.5 1606.15600398578
7.6 1601.78929568377
7.7 1597.44459044274
7.8 1593.12183248212
7.9 1588.82096578756
8 1584.54193411568
8.1 1580.28468099877
8.2 1576.04914974947
8.3 1571.83528346539
8.4 1567.64302503376
8.5 1563.47231713595
8.6 1559.32310225207
8.7 1555.19532266545
8.8 1551.08892046716
8.9 1547.0038375604
9 1542.94001566499
9.1 1538.89739632169
9.2 1534.87592089659
9.3 1530.87553058541
9.4 1526.89616641782
9.5 1522.93776926164
9.6 1519.00027982708
9.7 1515.08363867094
9.8 1511.18778620075
9.9 1507.31266267886
10 1503.45820822655
10.1 1499.6243628281
10.2 1495.81106633472
10.3 1492.01825846863
10.4 1488.24587882692
10.5 1484.4938668855
10.6 1480.76216200296
10.7 1477.05070342442
10.8 1473.35943028531
10.9 1469.68828161515
11 1466.0371963413
11.1 1462.40611329261
11.2 1458.79497120313
11.3 1455.20370871571
11.4 1451.63226438557
11.5 1448.08057668391
11.6 1444.54858400137
11.7 1441.03622465155
11.8 1437.54343687443
11.9 1434.07015883981
12 1430.61632865067
12.1 1427.18188434647
12.2 1423.76676390655
12.3 1420.37090525328
12.4 1416.99424625539
12.5 1413.63672473111
12.6 1410.29827845134
12.7 1406.97884514279
12.8 1403.67836249104
12.9 1400.39676814363
13 1397.13399971303
13.1 1393.88999477966
13.2 1390.66469089483
13.3 1387.45802558362
13.4 1384.26993634778
13.5 1381.10036066857
13.6 1377.94923600956
13.7 1374.81649981937
13.8 1371.70208953443
13.9 1368.6059425817
14 1365.52799638127
14.1 1362.46818834902
14.2 1359.42645589924
14.3 1356.40273644713
14.4 1353.39696741135
14.5 1350.40908621651
14.6 1347.43903029563
14.7 1344.48673709252
14.8 1341.5521440642
14.9 1338.63518868324
15 1335.73580844006
15.1 1332.85394084523
15.2 1329.98952343169
15.3 1327.14249375701
15.4 1324.31278940549
15.5 1321.5003479904
15.6 1318.705107156
15.7 1315.92700457968
15.8 1313.16597797399
15.9 1310.42196508864
16 1307.69490371247
16.1 1304.98473167542
16.2 1302.29138685045
16.3 1299.61480715536
16.4 1296.95493055471
16.5 1294.3116950616
16.6 1291.68503873945
16.7 1289.07489970377
16.8 1286.48121612384
16.9 1283.90392622447
17 1281.34296828758
17.1 1278.79828065386
17.2 1276.26980172438
17.3 1273.75746996211
17.4 1271.26122389351
17.5 1268.78100210996
17.6 1266.31674326929
17.7 1263.8683860972
17.8 1261.43586938868
17.9 1259.01913200935
18 1256.61811289688
18.1 1254.23275106224
18.2 1251.86298559106
18.3 1249.50875564484
18.4 1247.17000046221
18.5 1244.84665936013
18.6 1242.53867173505
18.7 1240.24597706411
18.8 1237.9685149062
18.9 1235.70622490308
19 1233.45904678044
19.1 1231.22692034896
19.2 1229.00978550526
19.3 1226.80758223295
19.4 1224.62025060356
19.5 1222.44773077744
19.6 1220.2899630047
19.7 1218.14688762607
19.8 1216.01844507376
19.9 1213.90457587226
20 1211.80522063917
20.1 1209.72032008593
20.2 1207.64981501862
20.3 1205.59364633864
20.4 1203.55175504341
20.5 1201.52408222707
20.6 1199.51056908111
20.7 1197.51115689498
20.8 1195.52578705671
20.9 1193.55440105348
21 1191.59694047218
21.1 1189.65334699991
21.2 1187.72356242452
21.3 1185.80752863506
21.4 1183.90518762229
21.5 1182.01648147905
21.6 1180.14135240072
21.7 1178.27974268562
21.8 1176.43159473533
21.9 1174.5968510551
22 1172.77545425415
22.1 1170.96734704595
22.2 1169.17247224855
22.3 1167.39077278485
22.4 1165.62219168278
22.5 1163.8666720756
22.6 1162.12415720206
22.7 1160.39459040658
22.8 1158.67791513945
22.9 1156.97407495694
23 1155.28301352146
23.1 1153.60467460163
23.2 1151.9390020724
23.3 1150.28593991508
23.4 1148.64543221744
23.5 1147.01742317373
23.6 1145.40185708465
23.7 1143.79867835741
23.8 1142.20783150568
23.9 1140.62926114957
24 1139.06291201553
24.1 1137.50872893634
24.2 1135.966656851
24.3 1134.4366408046
24.4 1132.91862594824
24.5 1131.41255753889
24.6 1129.91838093919
24.7 1128.43604161737
24.8 1126.96548514698
24.9 1125.50665720676
25 1124.05950358039
25.1 1122.62397015628
25.2 1121.20000292734
25.3 1119.78754799068
25.4 1118.38655154742
25.5 1116.99695990234
25.6 1115.6187194636
25.7 1114.25177674246
25.8 1112.89607835293
25.9 1111.55157101146
26 1110.21820153657
26.1 1108.89591684849
26.2 1107.58466396883
26.3 1106.28439002014
26.4 1104.99504222556
26.5 1103.71656790839
26.6 1102.44891449169
26.7 1101.19202949783
26.8 1099.94586054809
26.9 1098.71035536216
27 1097.48546175771
27.1 1096.27112764991
27.2 1095.06730105099
27.3 1093.87393006968
27.4 1092.69096291075
27.5 1091.51834787452
27.6 1090.35603335631
27.7 1089.20396784591
27.8 1088.0620999271
27.9 1086.93037827702
28 1085.8087516657
28.1 1084.69716895546
28.2 1083.59557910033
28.3 1082.50393114551
28.4 1081.42217422678
28.5 1080.35025756989
28.6 1079.28813048996
28.7 1078.23574239091
28.8 1077.19304276485
28.9 1076.15998119141
29 1075.13650733717
29.1 1074.12257095502
29.2 1073.11812188352
29.3 1072.12311004626
29.4 1071.13748545121
29.5 1070.1611981901
29.6 1069.19419843771
29.7 1068.23643645128
29.8 1067.28786256977
29.9 1066.34842721328
30 1065.41808088228
30.1 1064.49677415702
30.2 1063.58445769679
30.3 1062.68108223926
30.4 1061.78659859982
30.5 1060.90095767083
30.6 1060.02411042098
30.7 1059.15600789457
30.8 1058.29660121081
30.9 1057.44584156315
31 1056.60368021853
31.1 1055.77006851672
31.2 1054.94495786959
31.3 1054.12829976039
31.4 1053.32004574309
31.5 1052.52014744163
31.6 1051.72855654921
31.7 1050.94522482759
31.8 1050.1701041064
31.9 1049.40314628237
32 1048.64430331867
32.1 1047.89352724419
32.2 1047.15077015279
32.3 1046.41598420265
32.4 1045.6891216155
32.5 1044.97013467595
32.6 1044.25897573075
32.7 1043.55559718812
32.8 1042.859951517
32.9 1042.17199124639
33 1041.4916689646
33.1 1040.81893731858
33.2 1040.15374901322
33.3 1039.49605681063
33.4 1038.84581352949
33.5 1038.2029720443
33.6 1037.56748528474
33.7 1036.93930623494
33.8 1036.31838793285
33.9 1035.70468346952
34 1035.09814598843
34.1 1034.49872868484
34.2 1033.9063848051
34.3 1033.32106764597
34.4 1032.74273055403
34.5 1032.17132692494
34.6 1031.60681020284
34.7 1031.04913387968
34.8 1030.49825149461
34.9 1029.95411663331
35 1029.41668292738
35.1 1028.88590405371
35.2 1028.36173373385
35.3 1027.84412573342
35.4 1027.33303386149
35.5 1026.82841196996
35.6 1026.330213953
35.7 1025.83839374645
35.8 1025.3529053272
35.9 1024.8737027127
36 1024.4007399603
36.1 1023.93397116675
36.2 1023.47335046761
36.3 1023.01883203674
36.4 1022.57037008573
36.5 1022.1279188634
36.6 1021.69143265522
36.7 1021.26086578288
36.8 1020.83617260373
36.9 1020.41730751027
37 1020.0042249297
37.1 1019.59687932343
37.2 1019.19522518659
37.3 1018.79921704758
37.4 1018.40880946762
37.5 1018.02395704031
37.6 1017.64461439118
37.7 1017.27073617727
37.8 1016.90227708674
37.9 1016.53919183841
38 1016.18143518145
38.1 1015.82896189489
38.2 1015.48172678736
38.3 1015.13968469661
38.4 1014.80279048926
38.5 1014.4709990604
38.6 1014.14426533325
38.7 1013.82254425891
38.8 1013.50579081596
38.9 1013.19396001022
39 1012.88700687446
39.1 1012.5848864681
39.2 1012.28755387698
39.3 1011.99496421307
39.4 1011.70707261427
39.5 1011.42383424415
39.6 1011.14520429178
39.7 1010.87113797148
39.8 1010.60159052263
39.9 1010.33651720956
40 1010.0758733213
40.1 1009.81961417147
40.2 1009.56769509817
40.3 1009.32007146378
40.4 1009.07669865492
40.5 1008.8375320823
40.6 1008.60252718068
40.7 1008.37163940875
40.8 1008.14482424911
40.9 1007.92203720821
41 1007.7032338163
41.1 1007.48836962744
41.2 1007.27740021951
41.3 1007.07028119418
41.4 1006.86696817695
41.5 1006.6674168172
41.6 1006.47158278824
41.7 1006.27942178739
41.8 1006.09088953602
41.9 1005.9059417797
42 1005.72453428827
42.1 1005.54662285602
42.2 1005.37216330176
42.3 1005.20111146905
42.4 1005.0334232263
42.5 1004.86905446702
42.6 1004.70796111001
42.7 1004.55009909954
42.8 1004.39542440561
42.9 1004.2438930242
43 1004.09546097756
43.1 1003.95008431441
43.2 1003.80771911032
43.3 1003.66832146799
43.4 1003.53184751754
43.5 1003.39825341691
43.6 1003.26749535219
43.7 1003.139529538
43.8 1003.01431221786
43.9 1002.89179966464
44 1002.77194818093
44.1 1002.65471409952
44.2 1002.54005378381
44.3 1002.42792362834
44.4 1002.31828005922
44.5 1002.21107953466
44.6 1002.1062785455
44.7 1002.00383361569
44.8 1001.90370130291
44.9 1001.8058381991
45 1001.71020093105
45.1 1001.616746161
45.2 1001.52543058725
45.3 1001.4362109448
45.4 1001.34904400601
45.5 1001.26388658123
45.6 1001.18069551952
45.7 1001.09942770933
45.8 1001.02004007921
45.9 1000.94248959856
46 1000.86673327834
46.1 1000.79272817188
46.2 1000.72043137563
46.3 1000.64980002994
46.4 1000.58079131993
46.5 1000.51336247625
46.6 1000.44747077596
46.7 1000.38307354341
46.8 1000.32012815107
46.9 1000.25859202044
47 1000.19842262299
47.1 1000.13957748104
47.2 1000.08201416873
47.3 1000.02569031295
47.4 999.970563594347
47.5 999.916591748293
47.6 999.863732565886
47.7 999.811943894979
47.8 999.761183641212
47.9 999.711409769065
48 999.662580302923
48.1 999.614653328158
48.2 999.567586992229
48.3 999.521339505793
48.4 999.475869143834
48.5 999.431134246803
48.6 999.387093221784
48.7 999.343704543658
48.8 999.300926756297
48.9 999.258718473769
49 999.217038381547
49.1 999.175845237751
49.2 999.135097874387
49.3 999.094755198615
49.4 999.054776194019
49.5 999.015119921897
49.6 998.975745522569
49.7 998.93661221669
49.8 998.897679306583
49.9 998.858906177583
50 998.820252299397
50.1 998.781677227476
50.2 998.743140604397
50.3 998.704602161265
50.4 998.666021719122
50.5 998.627359190374
50.6 998.588574580222
50.7 998.549627988118
50.8 998.510479609223
50.9 998.471089735881
51 998.431418759106
51.1 998.39142717008
51.2 998.351075561662
51.3 998.31032462991
51.4 998.269135175613
51.5 998.227468105835
51.6 998.18528443547
51.7 998.142545288808
51.8 998.099211901111
51.9 998.0552456202
52 998.010607908053
52.1 997.96526034241
52.2 997.919164618396
52.3 997.872282550138
52.4 997.824576072412
52.5 997.776007242283
52.6 997.726538240761
52.7 997.676131374463
52.8 997.624749077289
52.9 997.572353912101
53 997.51890857241
53.1 997.464375884078
53.2 997.408718807019
53.3 997.35190043691
53.4 997.293884006916
53.5 997.234632889413
53.6 997.174110597722
53.7 997.112280787852
53.8 997.049107260242
53.9 996.984553961519
54 996.918584986252
54.1 996.851164578721
54.2 996.782257134682
54.3 996.711827203144
54.4 996.639839488152
54.5 996.566258850565
54.6 996.49105030985
54.7 996.414179045872
54.8 996.335610400692
54.9 996.255309880366
55 996.173243156751
55.1 996.089376069308
55.2 996.003674626915
55.3 995.916105009675
55.4 995.826633570735
55.5 995.735226838095
55.6 995.641851516433
55.7 995.54647448892
55.8 995.449062819039
55.9 995.349583752408
56 995.2480047186
56.1 995.144293332967
56.2 995.038417398458
56.3 994.930344907441
56.4 994.820044043526
56.5 994.70748318338
56.6 994.59263089855
56.7 994.475455957275
56.8 994.355927326304
56.9 994.234014172707
57 994.109685865685
57.1 993.982911978381
57.2 993.853662289677
57.3 993.721906786001
57.4 993.587615663123
57.5 993.450759327947
57.6 993.311308400298
57.7 993.169233714713
57.8 993.024506322213
57.9 992.877097492082
58 992.726978713633
58.1 992.574121697971
58.2 992.418498379752
58.3 992.260080918929
58.4 992.098841702501
58.5 991.934753346243
58.6 991.767788696438
58.7 991.597920831599
58.8 991.42512306418
58.9 991.249368942282
59 991.070632251348
59.1 990.888887015849
59.2 990.704107500966
59.3 990.516268214252
59.4 990.325343907296
59.5 990.131309577366
59.6 989.934140469049
59.7 989.733812075878
59.8 989.530300141945
59.9 989.323580663506
60 989.113629890574
60.1 988.900424328497
60.2 988.683940739526
60.3 988.46415614437
60.4 988.24104782374
60.5 988.014593319871
60.6 987.784770438043
60.7 987.55155724808
60.8 987.314932085834
60.9 987.074873554661
61 986.831360526874
61.1 986.584372145188
61.2 986.333887824145
61.3 986.079887251525
61.4 985.82235038974
61.5 985.561257477214
61.6 985.296589029744
61.7 985.028325841844
61.8 984.756448988072
61.9 984.480939824343
62 984.201779989219
62.1 983.918951405185
62.2 983.632436279903
62.3 983.34221710745
62.4 983.048276669537
62.5 982.750598036711
62.6 982.449164569528
62.7 982.14395991972
62.8 981.834968031334
62.9 981.522173141847
63 981.205559783275
63.1 980.885112783242
63.2 980.560817266045
63.3 980.232658653689
63.4 979.9006226669
63.5 979.564695326122
63.6 979.224862952484
63.7 978.881112168756
63.8 978.533429900271
63.9 978.18180337583
64 977.826220128585
64.1 977.466667996898
64.2 977.103135125171
64.3 976.735609964665
64.4 976.364081274283
64.5 975.988538121333
64.6 975.608969882271
64.7 975.225366243415
64.8 974.837717201634
64.9 974.446013065016
65 974.050244453509
65.1 973.650402299534
65.2 973.246477848577
65.3 972.838462659758
65.4 972.426348606363
65.5 972.010127876362
65.6 971.589792972896
65.7 971.165336714738
65.8 970.736752236725
65.9 970.304032990172
66 969.867172743249
66.1 969.426165581339
66.2 968.981005907361
66.3 968.53168844208
66.4 968.07820822437
66.5 967.620560611471
66.6 967.158741279198
66.7 966.692746222142
66.8 966.222571753825
66.9 965.748214506842
67 965.269671432969
67.1 964.786939803239
67.2 964.300017207997
67.3 963.808901556925
67.4 963.313591079036
67.5 962.814084322641
67.6 962.310380155289
67.7 961.802477763676
67.8 961.290376653532
67.9 960.774076649467
68 960.253577894802
68.1 959.728880851362
68.2 959.199986299244
68.3 958.666895336557
68.4 958.129609379128
68.5 957.588130160189
68.6 957.042459730025
68.7 956.492600455599
68.8 955.938555020145
68.9 955.380326422734
69 954.817917977814
69.1 954.251333314712
69.2 953.680576377119
69.3 953.105651422537
69.4 952.526563021699
69.5 951.943316057965
69.6 951.355915726684
69.7 950.764367534528
69.8 950.168677298802
69.9 949.568851146716
70 948.964895514639
70.1 948.356817147319
70.2 947.744623097073
70.3 947.128320722949
70.4 946.507917689869
70.5 945.883421967727
70.6 945.254841830473
70.7 944.622185855165
70.8 943.985462920985
70.9 943.344682208243
71 942.699853197337
71.1 942.050985667694
71.2 941.398089696685
71.3 940.741175658507
71.4 940.080254223037
71.5 939.415336354669
71.6 938.74643331111
71.7 938.073556642161
71.8 937.396718188461
71.9 936.715930080212
72 936.031204735879
72.1 935.342554860849
72.2 934.649993446087
72.3 933.953533766744
72.4 933.253189380751
72.5 932.548974127389
72.6 931.840902125823
72.7 931.128987773623
72.8 930.41324574525
72.9 929.693690990522
73 928.970338733057
73.1 928.243204468686
73.2 927.512303963845
73.3 926.777653253945
73.4 926.039268641714
73.5 925.297166695515
73.6 924.551364247648
73.7 923.801878392619
73.8 923.048726485392
73.9 922.291926139619
74 921.53149522584
74.1 920.767451869672
74.2 919.999814449968
74.3 919.228601596956
74.4 918.453832190356
74.5 917.675525357481
74.6 916.893700471308
74.7 916.108377148537
74.8 915.319575247623
74.9 914.527314866792
75 913.731616342037
75.1 912.932500245093
75.2 912.129987381389
75.3 911.324098787992
75.4 910.51485573152
75.5 909.702279706044
75.6 908.88639243097
75.7 908.067215848902
75.8 907.244772123489
75.9 906.419083637256
76 905.590172989415
76.1 904.758062993658
76.2 903.922776675943
76.3 903.084337272254
76.4 902.242768226347
76.5 901.398093187488
76.6 900.550336008166
76.7 899.699520741798
76.8 898.845671640418
76.9 897.988813152354
77 897.128969919882
77.1 896.266166776884
77.2 895.400428746472
77.3 894.531781038619
77.4 893.660249047763
77.5 892.785858350408
77.6 891.908634702709
77.7 891.028604038046
77.8 890.145792464591
77.9 889.260226262857
78 888.371931883243
78.1 887.480935943567
78.2 886.587265226593
78.3 885.690946677538
78.4 884.792007401583
78.5 883.890474661368
78.6 882.986375874481
78.7 882.07973861094
78.8 881.170590590663
78.9 880.258959680941
79 879.344873893888
79.1 878.428361383905
79.2 877.509450445118
79.3 876.588169508824
79.4 875.664547140928
79.5 874.738612039372
79.6 873.81039303156
79.7 872.879919071784
79.8 871.947219238642
79.9 871.01232273245
80 870.075258872654
80.1 869.136057095243
80.2 868.194746950149
80.3 867.251358098655
80.4 866.305920310797
80.5 865.358463462765
80.6 864.409017534299
80.7 863.457612606094
80.8 862.504278857193
80.9 861.549046562391
81 860.591946089627
81.1 859.63300789739
81.2 858.672262532117
81.3 857.709740625591
81.4 856.745472892352
81.5 855.779490127094
81.6 854.811823202081
81.7 853.84250306455
81.8 852.87156073413
81.9 851.899027300254
82 850.924933919583
82.1 849.949311813431
82.2 848.972192265189
82.3 847.993606617762
82.4 847.013586271008
82.5 846.03216267918
82.6 845.049367348373
82.7 844.065231833984
82.8 843.07978773817
82.9 842.093066707319
83 841.105100429519
83.1 840.115920632047
83.2 839.125559078853
83.3 838.13404756806
83.4 837.14141792947
83.5 836.147702022073
83.6 835.152931731575
83.7 834.157138967926
83.8 833.16035566286
83.9 832.162613767448
84 831.163945249654
84.1 830.164382091907
84.2 829.163956288683
84.3 828.16269984409
84.4 827.160644769476
84.5 826.157823081039
84.6 825.15426679745
84.7 824.150007937492
84.8 823.145078517706
84.9 822.139510550051
85 821.133336039575
85.1 820.126586982108
85.2 819.119295361948
85.3 818.111493149583
85.4 817.103212299409
85.5 816.094484747471
85.6 815.085342409217
85.7 814.075817177259
85.8 813.065940919159
85.9 812.055745475222
86 811.045262656304
86.1 810.034524241641
86.2 809.023561976685
86.3 808.012407570962
86.4 807.001092695942
86.5 805.989648982924
86.6 804.978108020942
86.7 803.966501354682
86.8 802.954860482413
86.9 801.943216853949
87 800.931601868606
87.1 799.920046873193
87.2 798.908583160013
87.3 797.897241964882
87.4 796.886054465166
87.5 795.875051777834
87.6 794.86426495753
87.7 793.853724994663
87.8 792.843462813517
87.9 791.833509270369
88 790.823895151642
88.1 789.81465117206
88.2 788.805807972832
88.3 787.797396119851
88.4 786.789446101909
88.5 785.781988328937
88.6 784.775053130261
88.7 783.768670752871
88.8 782.762871359723
88.9 781.757685028045
89 780.753141747674
89.1 779.749271419405
89.2 778.746103853365
89.3 777.743668767399
89.4 776.74199578549
89.5 775.741114436179
89.6 774.741054151021
89.7 773.741844263056
89.8 772.743514005295
89.9 771.746092509236
90 770.749608803388
90.1 769.754091811825
90.2 768.759570352758
90.3 767.766073137122
90.4 766.77362876719
90.5 765.782265735204
90.6 764.792012422027
90.7 763.802897095815
90.8 762.814947910708
90.9 761.828192905547
91 760.842660002602
91.1 759.858377006334
91.2 758.875371602159
91.3 757.893671355254
91.4 756.913303709363
91.5 755.93429598564
91.6 754.956675381499
91.7 753.980468969499
91.8 753.005703696232
91.9 752.03240638125
92 751.060603715996
92.1 750.090322262765
92.2 749.121588453686
92.3 748.154428589718
92.4 747.188868839671
92.5 746.224935239246
92.6 745.262653690094
92.7 744.302049958901
92.8 743.343149676482
92.9 742.38597833691
93 741.430561296649
93.1 740.47692377372
93.2 739.525090846881
93.3 738.575087454828
93.4 737.626938395415
93.5 736.680668324894
93.6 735.73630175718
93.7 734.793863063124
93.8 733.853376469818
93.9 732.914866059911
94 731.97835577095
94.1 731.043869394735
94.2 730.111430576701
94.3 729.181062815307
94.4 728.252789461457
94.5 727.326633717936
94.6 726.402618638856
94.7 725.480767129135
94.8 724.561101943984
94.9 723.643645688418
95 722.728420816786
95.1 721.815449632312
95.2 720.904754286664
95.3 719.996356779537
95.4 719.09027895825
95.5 718.18654251737
95.6 717.285168998344
95.7 716.386179789157
95.8 715.489596124002
95.9 714.595439082969
96 713.703729591756
96.1 712.814488421386
96.2 711.927736187956
96.3 711.043493352387
96.4 710.161780220208
96.5 709.282616941339
96.6 708.406023509904
96.7 707.532019764056
96.8 706.660625385815
96.9 705.791859900927
97 704.925742678737
97.1 704.062292932079
97.2 703.201529717176
97.3 702.343471933566
97.4 701.488138324035
97.5 700.635547474567
97.6 699.785717814312
97.7 698.938667615565
97.8 698.094414993764
97.9 697.252977907498
98 696.414374158534
98.1 695.578621391857
98.2 694.745737095721
98.3 693.915738601717
98.4 693.088643084857
98.5 692.264467563666
98.6 691.443228900293
98.7 690.624943800634
98.8 689.809628814464
98.9 688.997300335587
99 688.187974601998
99.1 687.381667696058
99.2 686.578395544679
99.3 685.778173919524
99.4 684.981018437216
99.5 684.186944559568
99.6 683.395967593811
99.7 682.608102692843
99.8 681.823364855493
99.9 681.041768926784
100 680.263329598219
