0 200
0.1 199.368444965339
0.2 198.739504473145
0.3 198.113193975418
0.4 197.489510552003
0.5 196.868451217995
0.6 196.250012924351
0.7 195.634192558495
0.8 195.020986944927
0.9 194.410392845836
1 193.802406961709
1.1 193.197025931942
1.2 192.594246335456
1.3 191.994064691306
1.4 191.396477459298
1.5 190.8014810406
1.6 190.209071778358
1.7 189.619245958308
1.8 189.031999809394
1.9 188.447329504381
2 187.865231160466
2.1 187.285700839898
2.2 186.708734550587
2.3 186.134328246723
2.4 185.562477829383
2.5 184.993179147148
2.6 184.426427996717
2.7 183.862220123512
2.8 183.300551222297
2.9 182.741416937782
3 182.184812865236
3.1 181.630734551093
3.2 181.079177493562
3.3 180.530137143232
3.4 179.983608903676
3.5 179.439588132057
3.6 178.898070139731
3.7 178.359050192847
3.8 177.822523512948
3.9 177.288485277567
4 176.756930620829
4.1 176.227854634042
4.2 175.701252366291
4.3 175.177118825034
4.4 174.655448976687
4.5 174.136237747216
4.6 173.619480022721
4.7 173.105170650022
4.8 172.593304437241
4.9 172.083876154382
5 171.57688053391
5.1 171.072312271327
5.2 170.570166025744
5.3 170.070436420453
5.4 169.5731180435
5.5 169.078205448245
5.6 168.585693153933
5.7 168.095575646251
5.8 167.607847377888
5.9 167.122502769094
6 166.639536208232
6.1 166.15894205233
6.2 165.680714627628
6.3 165.204848230128
6.4 164.731337126132
6.5 164.260175552784
6.6 163.79135771861
6.7 163.324877804048
6.8 162.860729961982
6.9 162.398908318271
7 161.939406972271
7.1 161.482219997361
7.2 161.02734144146
7.3 160.574765327543
7.4 160.124485654156
7.5 159.676496395922
7.6 159.230791504051
7.7 158.78736490684
7.8 158.346210510176
7.9 157.907322198029
8 157.470693832948
8.1 157.03631925655
8.2 156.604192290004
8.3 156.174306734517
8.4 155.746656371814
8.5 155.32123496461
8.6 154.898036257085
8.7 154.477053975353
8.8 154.058281827927
8.9 153.641713506182
9 153.22734268481
9.1 152.815163022277
9.2 152.405168161275
9.3 151.997351729167
9.4 151.591707338432
9.5 151.188228587104
9.6 150.786909059211
9.7 150.387742325203
9.8 149.990721942386
9.9 149.595841455343
10 149.203094396359
10.1 148.812474285834
10.2 148.423974632704
10.3 148.037588934842
10.4 147.653310679475
10.5 147.271133343575
10.6 146.891050394268
10.7 146.513055289223
10.8 146.137141477045
10.9 145.763302397661
11 145.391531482708
11.1 145.021822155904
11.2 144.654167833434
11.3 144.288561924314
11.4 143.924997830764
11.5 143.56346894857
11.6 143.203968667444
11.7 142.846490371382
11.8 142.491027439019
11.9 142.13757324397
12 141.786121155186
12.1 141.436664537286
12.2 141.089196750898
12.3 140.743711152993
12.4 140.400201097216
12.5 140.058659934206
12.6 139.719081011924
12.7 139.381457675971
12.8 139.045783269897
12.9 138.712051135516
13 138.380254613212
13.1 138.050387042242
13.2 137.722441761033
13.3 137.396412107479
13.4 137.072291419235
13.5 136.750073033997
13.6 136.429750289796
13.7 136.11131652527
13.8 135.794765079944
13.9 135.480089294502
14 135.167282511056
14.1 134.856338073413
14.2 134.547249327332
14.3 134.240009620785
14.4 133.934612304211
14.5 133.631050730765
14.6 133.329318256567
14.7 133.029408240942
14.8 132.731314046662
14.9 132.435029040178
15 132.140546591858
15.1 131.847860076211
15.2 131.556962872112
15.3 131.267848363027
15.4 130.980509937225
15.5 130.694940987998
15.6 130.411134913869
15.7 130.129085118798
15.8 129.848785012388
15.9 129.570228010083
16 129.293407533369
16.1 129.01831700996
16.2 128.744949873995
16.3 128.47329956622
16.4 128.203359534171
16.5 127.935123232359
16.6 127.668584122438
16.7 127.403735673384
16.8 127.140571361662
16.9 126.879084671393
17 126.619269094517
17.1 126.361118130951
17.2 126.10462528875
17.3 125.849784084253
17.4 125.596588042239
17.5 125.345030696072
17.6 125.095105587844
17.7 124.846806268515
17.8 124.600126298052
17.9 124.35505924556
18 124.111598689417
18.1 123.8697382174
18.2 123.629471426809
18.3 123.390791924593
18.4 123.15369332746
18.5 122.918169262005
18.6 122.684213364813
18.7 122.451819282572
18.8 122.220980672184
18.9 121.991691200863
19 121.763944546239
19.1 121.537734396458
19.2 121.313054450275
19.3 121.089898417147
19.4 120.868260017324
19.5 120.648132981936
19.6 120.429511053077
19.7 120.212387983886
19.8 119.996757538628
19.9 119.782613492767
20 119.569949633045
20.1 119.358759757546
20.2 119.149037675769
20.3 118.940777208694
20.4 118.733972188842
20.5 118.52861646034
20.6 118.324703878973
20.7 118.122228312247
20.8 117.921183639437
20.9 117.721563751638
21 117.523362551817
21.1 117.326573954853
21.2 117.131191887588
21.3 116.937210288859
21.4 116.744623109546
21.5 116.553424312601
21.6 116.363607873087
21.7 116.175167778209
21.8 115.98809802734
21.9 115.802392632054
22 115.618045616148
22.1 115.435051015665
22.2 115.253402878917
22.3 115.073095266501
22.4 114.894122251317
22.5 114.716477918585
22.6 114.540156365853
22.7 114.36515170301
22.8 114.191458052298
22.9 114.019069548311
23 113.847980338004
23.1 113.678184580699
23.2 113.509676448078
23.3 113.342450124187
23.4 113.176499805434
23.5 113.01181970058
23.6 112.848404030735
23.7 112.68624702935
23.8 112.525342942204
23.9 112.365686027396
24 112.207270555328
24.1 112.05009080869
24.2 111.894141082446
24.3 111.739415683811
24.4 111.585908932234
24.5 111.433615159375
24.6 111.282528709079
24.7 111.132643937355
24.8 110.983955212348
24.9 110.836456914309
25 110.690143435568
25.1 110.5450091805
25.2 110.401048565496
25.3 110.258256018927
25.4 110.116625981107
25.5 109.97615290426
25.6 109.836831252479
25.7 109.698655501688
25.8 109.561620139602
25.9 109.425719665681
26 109.290948591093
26.1 109.157301438664
26.2 109.024772742836
26.3 108.893357049617
26.4 108.763048916537
26.5 108.633842912592
26.6 108.505733618203
26.7 108.378715625156
26.8 108.252783536555
26.9 108.127931966766
27 108.004155541362
27.1 107.88144889707
27.2 107.759806681711
27.3 107.639223554145
27.4 107.519694184211
27.5 107.401213252669
27.6 107.283775451139
27.7 107.167375482039
27.8 107.052008058523
27.9 106.93766790442
28 106.824349754167
28.1 106.712048352749
28.2 106.60075845563
28.3 106.490474828687
28.4 106.381192248146
28.5 106.272905500511
28.6 106.165609382501
28.7 106.059298700975
28.8 105.953968272866
28.9 105.849612925112
29 105.746227494583
29.1 105.64380682801
29.2 105.542345781914
29.3 105.441839222534
29.4 105.342282025755
29.5 105.243669077029
29.6 105.14599527131
29.7 105.049255512974
29.8 104.953444715744
29.9 104.858557802618
30 104.764589705793
30.1 104.671535366586
30.2 104.57938973536
30.3 104.488147771451
30.4 104.397804443084
30.5 104.308354727301
30.6 104.219793609883
30.7 104.132116085269
30.8 104.045317156484
30.9 103.959391835057
31 103.874335140942
31.1 103.790142102442
31.2 103.70680775613
31.3 103.624327146771
31.4 103.54269532724
31.5 103.461907358447
31.6 103.381958309255
31.7 103.302843256405
31.8 103.224557284432
31.9 103.147095485591
32 103.070452959774
32.1 102.994624814433
32.2 102.919606164502
32.3 102.845392132315
32.4 102.771977847532
32.5 102.699358447055
32.6 102.627529074955
32.7 102.556484882389
32.8 102.486221027525
32.9 102.416732675462
33 102.348014998153
33.1 102.28006317433
33.2 102.212872389421
33.3 102.146437835479
33.4 102.0807547111
33.5 102.015818221351
33.6 101.951623577692
33.7 101.8881659979
33.8 101.825440705993
33.9 101.763442932155
34 101.702167912666
34.1 101.641610889818
34.2 101.581767111852
34.3 101.522631832877
34.4 101.4642003128
34.5 101.406467817254
34.6 101.349429617524
34.7 101.293080990477
34.8 101.237417218493
34.9 101.18243358939
35 101.128125396358
35.1 101.074487937888
35.2 101.021516517706
35.3 100.9692064447
35.4 100.917553032857
35.5 100.866551601198
35.6 100.816197473704
35.7 100.766485979259
35.8 100.717412451581
35.9 100.668972229161
36 100.621160655196
36.1 100.573973077529
36.2 100.527404848589
36.3 100.481451325326
36.4 100.436107869155
36.5 100.391369845894
36.6 100.347232625707
36.7 100.303691583045
36.8 100.260742096593
36.9 100.21837954921
37 100.176599327876
37.1 100.135396823638
37.2 100.094767431557
37.3 100.054706550656
37.4 100.015209583868
37.5 99.9762719379862
37.6 99.9378890236169
37.7 99.900056255128
37.8 99.8627690506041
37.9 99.8260228317996
38 99.7898130240938
38.1 99.754135056447
38.2 99.7189843613574
38.3 99.6843563748197
38.4 99.6502465362837
38.5 99.6166502886155
38.6 99.5835630780583
38.7 99.5509803541958
38.8 99.5188975699155
38.9 99.4873101813739
39 99.4562136479628
39.1 99.4256034322767
39.2 99.3954750000813
39.3 99.3658238202837
39.4 99.3366453649029
39.5 99.3079351090427
39.6 99.2796885308651
39.7 99.2519011115651
39.8 99.224568335347
39.9 99.1976856894021
40 99.171248663887
40.1 99.1452527519041
40.2 99.1196934494828
40.3 99.0945662555625
40.4 99.0698666719768
40.5 99.0455902034388
40.6 99.0217323575283
40.7 98.9982886446797
40.8 98.9752545781722
40.9 98.9526256741206
41 98.9303974514678
41.1 98.9085654319792
41.2 98.8871251402374
41.3 98.8660721036399
41.4 98.8454018523967
41.5 98.8251099195307
41.6 98.8051918408786
41.7 98.7856431550939
41.8 98.7664594036507
41.9 98.7476361308505
42 98.7291688838282
42.1 98.7110532125621
42.2 98.6932846698836
42.3 98.675858811489
42.4 98.6587711959536
42.5 98.6420173847459
42.6 98.6255929422449
42.7 98.6094934357576
42.8 98.5937144355392
42.9 98.5782515148139
43 98.5631002497984
43.1 98.5482562197258
43.2 98.533715006872
43.3 98.5194721965833
43.4 98.5055233773058
43.5 98.4918641406159
43.6 98.4784900812534
43.7 98.4653967971554
43.8 98.452579889492
43.9 98.440034962704
44 98.4277576245416
44.1 98.4157434861055
44.2 98.4039881618891
44.3 98.3924872698225
44.4 98.3812364313182
44.5 98.3702312713184
44.6 98.3594674183441
44.7 98.3489405045457
44.8 98.3386461657552
44.9 98.3285800415405
45 98.3187377752607
45.1 98.3091150141235
45.2 98.2997074092445
45.3 98.2905106157076
45.4 98.2815202926274
45.5 98.2727321032131
45.6 98.2641417148344
45.7 98.2557447990887
45.8 98.2475370318705
45.9 98.2395140934414
46 98.231671668503
46.1 98.2240054462712
46.2 98.2165111205509
46.3 98.2091843898146
46.4 98.2020209572806
46.5 98.195016530994
46.6 98.188166823909
46.7 98.181467553973
46.8 98.1749144442123
46.9 98.1685032228191
47 98.1622296232408
47.1 98.1560893842707
47.2 98.1500782501397
47.3 98.1441919706108
47.4 98.1384263010739
47.5 98.1327770026437
47.6 98.1272398422577
47.7 98.1218105927772
47.8 98.1164850330885
47.9 98.1112589482072
48 98.1061281293826
48.1 98.1010883742051
48.2 98.0961354867138
48.3 98.0912652775069
48.4 98.0864735638527
48.5 98.0817561698029
48.6 98.0771089263066
48.7 98.0725276713269
48.8 98.0680082499581
48.9 98.0635465145446
49 98.0591383248019
49.1 98.0547795479383
49.2 98.0504660587785
49.3 98.0461937398887
49.4 98.0419584817029
49.5 98.0377561826509
49.6 98.0335827492877
49.7 98.0294340964241
49.8 98.0253061472588
49.9 98.0211948335123
50 98.0170960955615
50.1 98.0130058825762
50.2 98.0089201526567
50.3 98.004834872973
50.4 98.0007460199048
50.5 97.9966495791834
50.6 97.9925415460346
50.7 97.9884179253229
50.8 97.984274731697
50.9 97.9801079897365
51 97.9759137341002
51.1 97.9716880096749
51.2 97.9674268717257
51.3 97.9631263860483
51.4 97.9587826291208
51.5 97.9543916882584
51.6 97.949949661768
51.7 97.9454526591043
51.8 97.9408968010272
51.9 97.93627821976
52 97.9315930591488
52.1 97.9268374748228
52.2 97.9220076343558
52.3 97.9170997174285
52.4 97.9121099159918
52.5 97.9070344344311
52.6 97.9018694897318
52.7 97.8966113116452
52.8 97.8912561428553
52.9 97.8858002391472
53 97.8802398695755
53.1 97.874571316634
53.2 97.8687908764257
53.3 97.8628948588345
53.4 97.8568795876965
53.5 97.8507414009729
53.6 97.8444766509232
53.7 97.8380817042791
53.8 97.8315529424194
53.9 97.8248867615448
54 97.8180795728541
54.1 97.8111278027203
54.2 97.8040278928679
54.3 97.7967763005503
54.4 97.7893694987277
54.5 97.7818039762455
54.6 97.7740762380134
54.7 97.7661828051847
54.8 97.7581202153359
54.9 97.7498850226471
55 97.7414737980817
55.1 97.7328831295682
55.2 97.7241096221801
55.3 97.7151498983183
55.4 97.7060005978914
55.5 97.6966583784985
55.6 97.6871199156105
55.7 97.6773819027518
55.8 97.6674410516834
55.9 97.6572940925838
56 97.6469377742326
56.1 97.6363688641916
56.2 97.6255841489878
56.3 97.6145804342954
56.4 97.6033545451179
56.5 97.5919033259702
56.6 97.5802236410606
56.7 97.5683123744725
56.8 97.5561664303458
56.9 97.543782733059
57 97.5311582274092
57.1 97.518289878794
57.2 97.5051746733912
57.3 97.4918096183396
57.4 97.4781917419184
57.5 97.4643180937269
57.6 97.4501857448631
57.7 97.4357917881025
57.8 97.4211333380761
57.9 97.4062075314477
58 97.3910115270908
58.1 97.3755425062651
58.2 97.3597976727918
58.3 97.3437742532293
58.4 97.3274694970467
58.5 97.3108806767979
58.6 97.2940050882945
58.7 97.2768400507775
58.8 97.2593829070888
58.9 97.2416310238418
59 97.2235817915903
59.1 97.2052326249976
59.2 97.186580963004
59.3 97.1676242689936
59.4 97.1483600309596
59.5 97.1287857616694
59.6 97.1088989988276
59.7 97.0886973052391
59.8 97.0681782689697
59.9 97.0473395035068
60 97.026178647918
60.1 97.004693367009
60.2 96.9828813514797
60.3 96.9607403180798
60.4 96.9382680097624
60.5 96.9154621958363
60.6 96.8923206721173
60.7 96.8688412610777
60.8 96.8450218119948
60.9 96.8208602010971
61 96.79635433171
61.1 96.7715021343991
61.2 96.7463015671127
61.3 96.7207506153218
61.4 96.6948472921594
61.5 96.6685896385575
61.6 96.6419757233827
61.7 96.6150036435698
61.8 96.5876715242541
61.9 96.5599775189015
62 96.531919809437
62.1 96.5034966063716
62.2 96.4747061489263
62.3 96.4455467051561
62.4 96.4160165720699
62.5 96.3861140757501
62.6 96.3558375714696
62.7 96.3251854438067
62.8 96.294156106758
62.9 96.2627480038496
63 96.230959608246
63.1 96.1987894228567
63.2 96.1662359804408
63.3 96.1332978437097
63.4 96.0999736054272
63.5 96.066261888508
63.6 96.032161346113
63.7 95.9976706617431
63.8 95.9627885493311
63.9 95.9275137533298
64 95.8918450487995
64.1 95.8557812414919
64.2 95.8193211679324
64.3 95.7824636954995
64.4 95.7452077225022
64.5 95.7075521782546
64.6 95.6694960231481
64.7 95.6310382487216
64.8 95.5921778777286
64.9 95.5529139642021
65 95.513245593517
65.1 95.4731718824495
65.2 95.4326919792346
65.3 95.3918050636207
65.4 95.3505103469214
65.5 95.3088070720648
65.6 95.2666945136407
65.7 95.224171977944
65.8 95.1812388030167
65.9 95.1378943586862
66 95.0941380466014
66.1 95.0499693002661
66.2 95.0053875850695
66.3 94.9603923983141
66.4 94.9149832692406
66.5 94.8691597590502
66.6 94.8229214609245
66.7 94.7762680000415
66.8 94.7291990335902
66.9 94.6817142507815
67 94.6338133728561
67.1 94.5854961530907
67.2 94.5367623767998
67.3 94.487611861336
67.4 94.4380444560868
67.5 94.3880600424684
67.6 94.337658533917
67.7 94.2868398758772
67.8 94.2356040457871
67.9 94.1839510530612
68 94.1318809390694
68.1 94.0793937771144
68.2 94.026489672405
68.3 93.973168762027
68.4 93.9194312149113
68.5 93.8652772317991
68.6 93.8107070452037
68.7 93.75572091937
68.8 93.7003191502308
68.9 93.6445020653598
69 93.5882700239225
69.1 93.5316234166235
69.2 93.4745626656514
69.3 93.4170882246202
69.4 93.3592005785083
69.5 93.3009002435941
69.6 93.2421877673896
69.7 93.18306372857
69.8 93.1235287369007
69.9 93.0635834331624
70 93.0032284890717
70.1 92.9424646072
70.2 92.8812925208891
70.3 92.8197129941643
70.4 92.7577268216435
70.5 92.6953348284454
70.6 92.6325378700929
70.7 92.5693368324149
70.8 92.5057326314446
70.9 92.4417262133157
71 92.3773185541552
71.1 92.3125106599732
71.2 92.2473035665511
71.3 92.1816983393254
71.4 92.1156960732704
71.5 92.0492978927767
71.6 91.9825049515281
71.7 91.9153184323749
71.8 91.8477395472054
71.9 91.7797695368138
72 91.7114096707664
72.1 91.6426612472642
72.2 91.5735255930033
72.3 91.5040040630332
72.4 91.4340980406114
72.5 91.3638089370565
72.6 91.2931381915979
72.7 91.2220872712236
72.8 91.1506576705252
72.9 91.0788509115404
73 91.0066685435927
73.1 90.9341121431296
73.2 90.8611833135573
73.3 90.7878836850737
73.4 90.7142149144984
73.5 90.6401786851012
73.6 90.5657767064272
73.7 90.4910107141207
73.8 90.4158824697456
73.9 90.3403937606046
74 90.2645463995557
74.1 90.1883422248262
74.2 90.111783099825
74.3 90.0348709129526
74.4 89.9576075774087
74.5 89.879995030998
74.6 89.8020352359335
74.7 89.7237301786387
74.8 89.6450818695462
74.9 89.5660923428959
75 89.4867636565301
75.1 89.4070978916874
75.2 89.3270971527939
75.3 89.2467635672533
75.4 89.1660992852347
75.5 89.0851064794588
75.6 89.0037873449819
75.7 88.9221440989787
75.8 88.8401789805228
75.9 88.7578942503661
76 88.6752921907159
76.1 88.5923751050108
76.2 88.5091453176949
76.3 88.4256051739903
76.4 88.3417570396681
76.5 88.257603300818
76.6 88.1731463636164
76.7 88.0883886540929
76.8 88.0033326178955
76.9 87.9179807200544
77 87.8323354447447
77.1 87.7463992950473
77.2 87.6601747927089
77.3 87.5736644779006
77.4 87.4868709089756
77.5 87.3997966622252
77.6 87.3124443316338
77.7 87.2248165286336
77.8 87.1369158818569
77.9 87.0487450368883
78 86.9603066560159
78.1 86.8716034179808
78.2 86.7826380177267
78.3 86.6934131661478
78.4 86.603931589836
78.5 86.5141960308278
78.6 86.4242092463496
78.7 86.3339740085634
78.8 86.2434931043101
78.9 86.152769334854
79 86.0618055156253
79.1 85.9706044759625
79.2 85.8791690588545
79.3 85.7875021206817
79.4 85.6956065309567
79.5 85.6034851720649
79.6 85.511140939004
79.7 85.418576739124
79.8 85.3257954918664
79.9 85.2328001285025
80 85.1395935918726
80.1 85.046178836124
80.2 84.9525588264496
80.3 84.8587365388252
80.4 84.7647149597481
80.5 84.6704970859744
80.6 84.5760859242567
80.7 84.481484491082
80.8 84.3866958124093
80.9 84.2917229234072
81 84.196568868192
81.1 84.1012366995652
81.2 84.005729478752
81.3 83.9100502751391
81.4 83.8142021660137
81.5 83.7181882363017
81.6 83.6220115783071
81.7 83.525675291451
81.8 83.4291824820118
81.9 83.3325362628644
82 83.2357397532217
82.1 83.1387960783746
82.2 83.0417083694344
82.3 82.9444797630738
82.4 82.8471134012699
82.5 82.7496124310474
82.6 82.6519800042219
82.7 82.5542192771446
82.8 82.4563334104471
82.9 82.3583255687874
83 82.2601989205958
83.1 82.1619566378231
83.2 82.0636018956877
83.3 81.9651378724251
83.4 81.8665677490375
83.5 81.7678947090442
83.6 81.6691219382337
83.7 81.5702526244155
83.8 81.4712899571744
83.9 81.3722371276245
84 81.2730973281647
84.1 81.1738737522357
84.2 81.0745695940774
84.3 80.9751880484878
84.4 80.875732310583
84.5 80.7762055755586
84.6 80.6766110384512
84.7 80.5769518939032
84.8 80.4772313359267
84.9 80.3774525576697
85 80.2776187511841
85.1 80.1777331071937
85.2 80.0777988148648
85.3 79.9778190615773
85.4 79.8777970326979
85.5 79.7777359113539
85.6 79.6776388782094
85.7 79.5775091112423
85.8 79.4773497855226
85.9 79.3771640729934
86 79.2769551422516
86.1 79.1767261583321
86.2 79.0764802824919
86.3 78.976220671997
86.4 78.8759504799102
86.5 78.7756728548805
86.6 78.6753909409352
86.7 78.5751078772721
86.8 78.4748267980545
86.9 78.3745508322075
87 78.2742831032162
87.1 78.1740267289252
87.2 78.0737848213405
87.3 77.973560486433
87.4 77.8733568239431
87.5 77.7731769271878
87.6 77.6730238828698
87.7 77.5729007708876
87.8 77.4728106641484
87.9 77.3727566283819
88 77.272741721957
88.1 77.1727689956992
88.2 77.072841492711
88.3 76.9729622481935
88.4 76.8731342892703
88.5 76.7733606348132
88.6 76.6736442952696
88.7 76.5739882724923
88.8 76.4743955595709
88.9 76.3748691406656
89 76.2754119908424
89.1 76.1760270759104
89.2 76.076717352262
89.3 75.9774857667134
89.4 75.878335256349
89.5 75.7792687483665
89.6 75.6802891599243
89.7 75.5813993979914
89.8 75.4826023591987
89.9 75.3839009296931
90 75.2852979849925
90.1 75.1867963898444
90.2 75.088398998085
90.3 74.9901086525016
90.4 74.8919281846961
90.5 74.7938604149513
90.6 74.6959081520991
90.7 74.5980741933901
90.8 74.5003613243666
90.9 74.4027723187363
91 74.3053099382488
91.1 74.2079769325744
91.2 74.1107760391843
91.3 74.0137099832333
91.4 73.9167814774446
91.5 73.8199932219967
91.6 73.7233479044117
91.7 73.626848199447
91.8 73.5304967689879
91.9 73.4342962619426
92 73.3382493141397
92.1 73.2423585482272
92.2 73.1466265735737
92.3 73.051055986172
92.4 72.9556493685445
92.5 72.8604092896504
92.6 72.7653383047957
92.7 72.6704389555441
92.8 72.5757137696312
92.9 72.4811652608799
93 72.3867959291181
93.1 72.2926082600982
93.2 72.1986047254193
93.3 72.1047877824502
93.4 72.011159874256
93.5 71.917723429525
93.6 71.824480862499
93.7 71.7314345729045
93.8 71.6385869458869
93.9 71.5459403519458
94 71.4534971468725
94.1 71.3612596716898
94.2 71.2692302525933
94.3 71.177411200895
94.4 71.0858048129683
94.5 70.9944133701955
94.6 70.9032391389169
94.7 70.8122843703818
94.8 70.7215513007014
94.9 70.6310421508035
95 70.5407591263892
95.1 70.4507044178913
95.2 70.360880200435
95.3 70.2712886337994
95.4 70.181931862382
95.5 70.0928120151639
95.6 70.0039312056781
95.7 69.9152915319779
95.8 69.8268950766088
95.9 69.7387439065808
96 69.650840073343
96.1 69.5631856127601
96.2 69.4757825450901
96.3 69.3886328749644
96.4 69.3017385913687
96.5 69.2151016676263
96.6 69.1287240613825
96.7 69.0426077145914
96.8 68.9567545535035
96.9 68.8711664886551
97 68.7858454148599
97.1 68.7007932112014
97.2 68.6160117410274
97.3 68.5315028519454
97.4 68.4472683758208
97.5 68.3633101287749
97.6 68.2796299111859
97.7 68.1962295076905
97.8 68.1131106871874
97.9 68.0302752028421
98 67.947724792093
98.1 67.8654611766595
98.2 67.7834860625505
98.3 67.7018011400753
98.4 67.6204080838553
98.5 67.5393085528373
98.6 67.4585041903081
98.7 67.3779966239103
98.8 67.2977874656591
98.9 67.2178783119618
99 67.1382707436365
99.1 67.0589663259336
99.2 66.9799666085584
99.3 66.9012731256938
99.4 66.8228873960258
99.5 66.7448109227685
99.6 66.667045193692
99.7 66.5895916811505
99.8 66.5124518421109
99.9 66.4356271181843
100 66.3591189356568
