0 1000
0.1 996.997518324137
0.2 994.00700414011
0.3 991.028531958164
0.4 988.062092200698
0.5 985.107674976035
0.6 982.165270081053
0.7 979.234867003808
0.8 976.316454926174
0.9 973.410022726487
1 970.515558982197
1.1 967.633051972524
1.2 964.762489681122
1.3 961.903859798745
1.4 959.057149725922
1.5 956.222346575635
1.6 953.399437175998
1.7 950.588408072943
1.8 947.789245532913
1.9 945.001935545544
2 942.226463826368
2.1 939.462815819505
2.2 936.710976700358
2.3 933.970931378318
2.4 931.242664499457
2.5 928.526160449235
2.6 925.821403355195
2.7 923.128377089666
2.8 920.447065272463
2.9 917.777451273585
3 915.119518215914
3.1 912.473248977911
3.2 909.838626196306
3.3 907.215632268799
3.4 904.604249356738
3.5 902.004459387816
3.6 899.416244058746
3.7 896.839584837945
3.8 894.274462968207
3.9 891.720859469377
4 889.178755141015
4.1 886.64813056506
4.2 884.128966108486
4.3 881.621241925952
4.4 879.124937962449
4.5 876.640033955939
4.6 874.16650943999
4.7 871.704343746398
4.8 869.253516007811
4.9 866.814005160341
5 864.385789946164
5.1 861.968848916124
5.2 859.563160432321
5.3 857.168702670685
5.4 854.785453623561
5.5 852.413391102261
5.6 850.052492739626
5.7 847.70273599257
5.8 845.364098144616
5.9 843.036556308423
6 840.7200874283
6.1 838.414668282717
6.2 836.1202754868
6.3 833.836885494813
6.4 831.564474602638
6.5 829.303018950235
6.6 827.052494524097
6.7 824.81287715969
6.8 822.584142543883
6.9 820.366266217365
7 818.159223577054
7.1 815.962989878488
7.2 813.777540238207
7.3 811.602849636121
7.4 809.43889291787
7.5 807.285644797162
7.6 805.14307985811
7.7 803.011172557541
7.8 800.889897227308
7.9 798.779228076577
8 796.679139194102
8.1 794.58960455049
8.2 792.510598000452
8.3 790.442093285035
8.4 788.384064033844
8.5 786.336483767249
8.6 784.299325898577
8.7 782.272563736289
8.8 780.256170486144
8.9 778.250119253347
9 776.254383044681
9.1 774.268934770626
9.2 772.293747247463
9.3 770.32879319936
9.4 768.374045260447
9.5 766.42947597687
9.6 764.495057808836
9.7 762.570763132637
9.8 760.656564242659
9.9 758.752433353382
10 756.85834260135
10.1 754.974264047145
10.2 753.100169677322
10.3 751.23603140635
10.4 749.38182107852
10.5 747.537510469847
10.6 745.70307128995
10.7 743.87847518392
10.8 742.063693734169
10.9 740.258698462263
11 738.463460830736
11.1 736.677952244898
11.2 734.90214405461
11.3 733.136007556056
11.4 731.379513993493
11.5 729.632634560984
11.6 727.895340404116
11.7 726.167602621701
11.8 724.449392267459
11.9 722.740680351685
12 721.0414378429
12.1 719.351635669485
12.2 717.671244721296
12.3 716.000235851266
12.4 714.338579876988
12.5 712.686247582278
12.6 711.043209718731
12.7 709.409437007247
12.8 707.784900139552
12.9 706.169569779692
13 704.563416565521
13.1 702.966411110163
13.2 701.378524003459
13.3 699.799725813404
13.4 698.229987087558
13.5 696.669278354444
13.6 695.117570124932
13.7 693.574832893605
13.8 692.041037140103
13.9 690.516153330456
14 689.000151918399
14.1 687.493003346673
14.2 685.994678048304
14.3 684.505146447864
14.4 683.024378962729
14.5 681.552346004304
14.6 680.089017979239
14.7 678.634365290634
14.8 677.188358339213
14.9 675.750967524497
15 674.322163245953
15.1 672.901915904129
15.2 671.490195901767
15.3 670.086973644911
15.4 668.692219543987
15.5 667.305904014877
15.6 665.927997479972
15.7 664.558470369207
15.8 663.197293121085
15.9 661.844436183682
16 660.49987001564
16.1 659.163565087136
16.2 657.835491880848
16.3 656.515620892895
16.4 655.203922633762
16.5 653.900367629218
16.6 652.604926421209
16.7 651.317569568743
16.8 650.038267648754
16.9 648.766991256958
17 647.503711008684
17.1 646.248397539696
17.2 645.001021507005
17.3 643.761553589654
17.4 642.5299644895
17.5 641.306224931976
17.6 640.090305666832
17.7 638.882177468879
17.8 637.681811138697
17.9 636.489177503346
18 635.304247417056
18.1 634.126991761897
18.2 632.957381448448
18.3 631.79538741644
18.4 630.64098063539
18.5 629.494132105225
18.6 628.354812856882
18.7 627.222993952904
18.8 626.098646488019
18.9 624.981741589705
19 623.87225041874
19.1 622.770144169744
19.2 621.6753940717
19.3 620.58797138847
19.4 619.507847419295
19.5 618.434993499275
19.6 617.369380999849
19.7 616.310981329253
19.8 615.259765932969
19.9 614.215706294156
20 613.17877393408
20.1 612.148940412521
20.2 611.126177328168
20.3 610.110456319013
20.4 609.101749062716
20.5 608.100027276975
20.6 607.105262719871
20.7 606.117427190209
20.8 605.136492527842
20.9 604.16243061399
21 603.195213371541
21.1 602.234812765345
21.2 601.281200802491
21.3 600.334349532584
21.4 599.394231047995
21.5 598.460817484117
21.6 597.534081019597
21.7 596.613993876564
21.8 595.700528320843
21.9 594.793656662162
22 593.893351254346
22.1 592.999584495499
22.2 592.112328828182
22.3 591.231556739572
22.4 590.357240761621
22.5 589.489353471194
22.6 588.62786749021
22.7 587.772755485758
22.8 586.923990170219
22.9 586.081544301368
23 585.245390682469
23.1 584.415502162364
23.2 583.591851635547
23.3 582.774412042235
23.4 581.963156368426
23.5 581.158057645951
23.6 580.359088952513
23.7 579.56622341172
23.8 578.779434193112
23.9 577.998694512176
24 577.223977630351
24.1 576.45525685503
24.2 575.692505539553
24.3 574.935697083184
24.4 574.184804931093
24.5 573.439802574318
24.6 572.70066354973
24.7 571.967361439979
24.8 571.239869873446
24.9 570.518162524174
25 569.8022131118
25.1 569.091995401479
25.2 568.3874832038
25.3 567.688650374692
25.4 566.995470815329
25.5 566.307918472023
25.6 565.625967336114
25.7 564.949591443852
25.8 564.278764876269
25.9 563.613461759056
26 562.953656262418
26.1 562.299322600935
26.2 561.650435033413
26.3 561.006967862727
26.4 560.368895435662
26.5 559.736192142745
26.6 559.108832418075
26.7 558.486790739142
26.8 557.87004162665
26.9 557.25855964432
27 556.652319398705
27.1 556.051295538987
27.2 555.455462756774
27.3 554.864795785894
27.4 554.279269402178
27.5 553.698858423245
27.6 553.12353770828
27.7 552.553282157807
27.8 551.988066713455
27.9 551.427866357728
28 550.872656113759
28.1 550.322411045075
28.2 549.77710625534
28.3 549.23671688811
28.4 548.701218126579
28.5 548.170585193314
28.6 547.64479335
28.7 547.123817897169
28.8 546.607634173935
28.9 546.096217557718
29 545.589543463974
29.1 545.087587345912
29.2 544.590324694214
29.3 544.097731036753
29.4 543.609781938306
29.5 543.12645300026
29.6 542.647719860327
29.7 542.173558192245
29.8 541.703943705486
29.9 541.23885214495
30 540.778259290671
30.1 540.32214095751
30.2 539.870472994854
30.3 539.423231286305
30.4 538.980391749374
30.5 538.54193033517
30.6 538.10782302809
30.7 537.678045845504
30.8 537.252574837443
30.9 536.83138608628
31 536.414455706417
31.1 536.001759843967
31.2 535.59327467643
31.3 535.18897641238
31.4 534.788841291144
31.5 534.392845582474
31.6 534.000965586236
31.7 533.613177632079
31.8 533.229458079117
31.9 532.849783315607
32 532.474129758624
32.1 532.102473853737
32.2 531.734792074691
32.3 531.371060923078
32.4 531.01125692802
32.5 530.655356645843
32.6 530.303336659754
32.7 529.955173579525
32.8 529.610844041165
32.9 529.270324706606
33 528.93359226338
33.1 528.600623424299
33.2 528.271394927141
33.3 527.94588353433
33.4 527.624066032624
33.5 527.305919232794
33.6 526.991419969318
33.7 526.680545100064
33.8 526.373271505984
33.9 526.069576090801
34 525.769435780703
34.1 525.47282752404
34.2 525.179728291018
34.3 524.890115073397
34.4 524.603964884193
34.5 524.32125475738
34.6 524.041961747592
34.7 523.766062929834
34.8 523.493535399187
34.9 523.224356270524
35 522.958502678219
35.1 522.695951775869
35.2 522.436680736007
35.3 522.18066674983
35.4 521.927887026923
35.5 521.678318794982
35.6 521.431939299551
35.7 521.188725803753
35.8 520.948655588027
35.9 520.71170594987
36 520.477854203578
36.1 520.247077679998
36.2 520.019353726274
36.3 519.794659705603
36.4 519.572972996993
36.5 519.354270995027
36.6 519.138531109623
36.7 518.925730765809
36.8 518.715847403495
36.9 518.508858477246
37 518.30474145607
37.1 518.103473823202
37.2 517.905033075891
37.3 517.709396725198
37.4 517.516542295792
37.5 517.326447325757
37.6 517.139089366398
37.7 516.954445982051
37.8 516.772494749904
37.9 516.593213259822
38 516.416579114163
38.1 516.242569927625
38.2 516.071163327069
38.3 515.90233695137
38.4 515.736068451263
38.5 515.572335489191
38.6 515.411115739168
38.7 515.252386886639
38.8 515.096126628351
38.9 514.942312672223
39 514.790922737231
39.1 514.64193455329
39.2 514.495325861143
39.3 514.351074412262
39.4 514.209157968749
39.5 514.069554303243
39.6 513.932241198837
39.7 513.797196448992
39.8 513.664397857474
39.9 513.533823238276
40 513.405450415563
40.1 513.279257223615
40.2 513.155221506777
40.3 513.033321119421
40.4 512.913533925902
40.5 512.795837800538
40.6 512.680210627578
40.7 512.566630301194
40.8 512.455074725462
40.9 512.345521814368
41 512.237949491804
41.1 512.132335691584
41.2 512.028658357457
41.3 511.926895443133
41.4 511.827024912314
41.5 511.729024738732
41.6 511.632872906193
41.7 511.538547408628
41.8 511.446026250157
41.9 511.355287445147
42 511.266309018295
42.1 511.179069004701
42.2 511.09354544996
42.3 511.009716410256
42.4 510.927559952462
42.5 510.847054154258
42.6 510.768177104238
42.7 510.690906902041
42.8 510.615221658485
42.9 510.5410994957
43 510.468518547282
43.1 510.397456958446
43.2 510.327892886184
43.3 510.259804499445
43.4 510.193169979304
43.5 510.127967519151
43.6 510.064175324885
43.7 510.001771615114
43.8 509.940734621365
43.9 509.881042588301
44 509.822673773942
44.1 509.765606449903
44.2 509.709818901627
44.3 509.655289428643
44.4 509.601996344811
44.5 509.549917978595
44.6 509.499032673327
44.7 509.449318787496
44.8 509.400754695025
44.9 509.353318785576
45 509.306989464848
45.1 509.26174515489
45.2 509.217564294422
45.3 509.174425339161
45.4 509.132306762156
45.5 509.091187054133
45.6 509.051044723847
45.7 509.01185829844
45.8 508.973606323809
45.9 508.936267364979
46 508.899820006494
46.1 508.864242852798
46.2 508.829514528645
46.3 508.795613679498
46.4 508.762518971948
46.5 508.730209094139
46.6 508.698662756194
46.7 508.667858690659
46.8 508.637775652948
46.9 508.6083924218
47 508.579687799737
47.1 508.55164061354
47.2 508.524229714725
47.3 508.497433980027
47.4 508.4712323119
47.5 508.445603639013
47.6 508.420526916762
47.7 508.39598112779
47.8 508.371945282504
47.9 508.348398419618
48 508.325319606683
48.1 508.302687940644
48.2 508.280482548386
48.3 508.258682587305
48.4 508.237267245874
48.5 508.216215744222
48.6 508.195507334717
48.7 508.175121302561
48.8 508.155036966388
48.9 508.135233678872
49 508.11569082734
49.1 508.096387834395
49.2 508.077304158542
49.3 508.058419294825
49.4 508.039712775469
49.5 508.02116417053
49.6 508.002753088549
49.7 507.984459177219
49.8 507.96626212405
49.9 507.948141657048
50 507.930077545401
50.1 507.912049600162
50.2 507.89403767495
50.3 507.876021666654
50.4 507.857981516135
50.5 507.839897208951
50.6 507.821748776068
50.7 507.803516294596
50.8 507.785179888521
50.9 507.766719729441
51 507.748116037314
51.1 507.729349081211
51.2 507.710399180073
51.3 507.691246703469
51.4 507.671872072372
51.5 507.652255759927
51.6 507.632378292234
51.7 507.612220249132
51.8 507.591762264986
51.9 507.570985029488
52 507.54986928845
52.1 507.528395844617
52.2 507.506545558469
52.3 507.484299349043
52.4 507.461638194747
52.5 507.438543134188
52.6 507.414995266996
52.7 507.390975754661
52.8 507.366465821368
52.9 507.341446754838
53 507.315899907175
53.1 507.289806695713
53.2 507.263148603869
53.3 507.235907182003
53.4 507.208064048272
53.5 507.179600889502
53.6 507.150499462048
53.7 507.120741592666
53.8 507.090309179389
53.9 507.059184192403
54 507.027348674922
54.1 506.994784744076
54.2 506.961474591793
54.3 506.927400485684
54.4 506.892544769938
54.5 506.856889866211
54.6 506.820418274516
54.7 506.78311257413
54.8 506.744955424479
54.9 506.705929566047
55 506.666017821273
55.1 506.625203095457
55.2 506.58346837766
55.3 506.540796741613
55.4 506.497171346621
55.5 506.452575438473
55.6 506.406992350346
55.7 506.36040550372
55.8 506.312798409281
55.9 506.264154667835
56 506.214457971217
56.1 506.1636921032
56.2 506.111840940405
56.3 506.058888453214
56.4 506.004818706676
56.5 505.949615861417
56.6 505.893264174549
56.7 505.835748000578
56.8 505.77705179231
56.9 505.717160101757
57 505.65605758104
57.1 505.593728983295
57.2 505.530159163574
57.3 505.465333079741
57.4 505.399235793375
57.5 505.331852470664
57.6 505.263168383299
57.7 505.193168909367
57.8 505.121839534238
57.9 505.049165851454
58 504.975133563612
58.1 504.899728483245
58.2 504.8229365337
58.3 504.744743750015
58.4 504.665136279787
58.5 504.584100384043
58.6 504.501622438104
58.7 504.417688932443
58.8 504.332286473547
58.9 504.245401784762
59 504.15702170715
59.1 504.067133200324
59.2 503.975723343296
59.3 503.882779335304
59.4 503.788288496646
59.5 503.692238269503
59.6 503.594616218761
59.7 503.495410032819
59.8 503.394607524404
59.9 503.292196631372
60 503.188165417503
60.1 503.082502073294
60.2 502.975194916744
60.3 502.866232394132
60.4 502.755603080788
60.5 502.643295681865
60.6 502.529299033088
60.7 502.413602101515
60.8 502.296193986279
60.9 502.177063919324
61 502.056201266138
61.1 501.933595526476
61.2 501.809236335076
61.3 501.683113462364
61.4 501.555216815159
61.5 501.425536437359
61.6 501.294062510629
61.7 501.160785355076
61.8 501.025695429913
61.9 500.888783334122
62 500.750039807099
62.1 500.609455729296
62.2 500.467022122855
62.3 500.322730152227
62.4 500.176571124789
62.5 500.028536491444
62.6 499.878617847217
62.7 499.72680693184
62.8 499.573095630325
62.9 499.417475973531
63 499.259940138717
63.1 499.100480450086
63.2 498.93908937932
63.3 498.775759546106
63.4 498.610483718643
63.5 498.443254814149
63.6 498.274065899354
63.7 498.102910190974
63.8 497.929781056188
63.9 497.754672013091
64 497.577576731144
64.1 497.398489031609
64.2 497.217402887972
64.3 497.034312426356
64.4 496.849211925925
64.5 496.662095819268
64.6 496.47295869278
64.7 496.281795287025
64.8 496.08860049709
64.9 495.893369372925
65 495.696097119674
65.1 495.496779097986
65.2 495.295410824324
65.3 495.091987971251
65.4 494.886506367715
65.5 494.678961999305
65.6 494.469351008514
65.7 494.25766969497
65.8 494.04391451567
65.9 493.828082085186
66 493.610169175875
66.1 493.390172718057
66.2 493.168089800196
66.3 492.943917669056
66.4 492.71765372985
66.5 492.489295546376
66.6 492.258840841133
66.7 492.026287495431
66.8 491.791633549481
66.9 491.554877202477
67 491.31601681266
67.1 491.075050897369
67.2 490.831978133081
67.3 490.586797355431
67.4 490.339507559227
67.5 490.090107898441
67.6 489.838597686194
67.7 489.58497639472
67.8 489.329243655327
67.9 489.071399258328
68 488.811443152971
68.1 488.549375447349
68.2 488.2851964083
68.3 488.018906461284
68.4 487.750506190255
68.5 487.479996337516
68.6 487.207377803558
68.7 486.932651646883
68.8 486.65581908382
68.9 486.37688148832
69 486.095840391739
69.1 485.812697482604
69.2 485.527454606373
69.3 485.240113765168
69.4 484.950677117506
69.5 484.659146978008
69.6 484.365525817098
69.7 484.069816260683
69.8 483.772021089823
69.9 483.472143240387
70 483.17018580269
70.1 482.866152021123
70.2 482.560045293762
70.3 482.251869171967
70.4 481.941627359967
70.5 481.629323714427
70.6 481.314962244008
70.7 480.998547108903
70.8 480.680082620372
70.9 480.359573240251
71 480.037023580454
71.1 479.71243840246
71.2 479.385822616786
71.3 479.057181282446
71.4 478.726519606394
71.5 478.393842942963
71.6 478.059156793277
71.7 477.722466804659
71.8 477.383778770022
71.9 477.043098627251
72 476.700432458564
72.1 476.355786489869
72.2 476.009167090098
72.3 475.660580770539
72.4 475.310034184147
72.5 474.957534124844
72.6 474.603087526811
72.7 474.246701463757
72.8 473.88838314819
72.9 473.528139930661
73 473.165979299008
73.1 472.801908877577
73.2 472.435936426439
73.3 472.068069840592
73.4 471.69831714915
73.5 471.326686514521
73.6 470.953186231578
73.7 470.577824726807
73.8 470.200610557455
73.9 469.821552410662
74 469.440659102583
74.1 469.057939577492
74.2 468.67340290689
74.3 468.287058288586
74.4 467.898915045778
74.5 467.508982626115
74.6 467.117270600762
74.7 466.723788663435
74.8 466.328546629445
74.9 465.931554434721
75 465.532822134822
75.1 465.13235990395
75.2 464.730178033939
75.3 464.326286933244
75.4 463.920697125922
75.5 463.513419250592
75.6 463.104464059403
75.7 462.693842416974
75.8 462.281565299345
75.9 461.867643792901
76 461.4520890933
76.1 461.034912504388
76.2 460.616125437107
76.3 460.19573940839
76.4 459.773766040058
76.5 459.350217057701
76.6 458.925104289551
76.7 458.498439665358
76.8 458.070235215241
76.9 457.640503068554
77 457.209255452722
77.1 456.776504692089
77.2 456.34226320675
77.3 455.906543511374
77.4 455.469358214033
77.5 455.030720015011
77.6 454.590641705614
77.7 454.149136166975
77.8 453.706216368852
77.9 453.261895368415
78 452.816186309042
78.1 452.36910241909
78.2 451.920657010682
78.3 451.470863478472
78.4 451.019735298416
78.5 450.567286026535
78.6 450.11352929767
78.7 449.658478824244
78.8 449.202148395005
78.9 448.74455187378
79 448.285703198213
79.1 447.82561637851
79.2 447.364305496172
79.3 446.901784702732
79.4 446.438068218486
79.5 445.973170331219
79.6 445.507105394931
79.7 445.039887828567
79.8 444.571532114731
79.9 444.102052798406
80 443.631464485679
80.1 443.159781842449
80.2 442.687019593144
80.3 442.21319251944
80.4 441.738315458962
80.5 441.262403304007
80.6 440.785471000247
80.7 440.307533545442
80.8 439.828605988149
80.9 439.34870342643
81 438.867841006564
81.1 438.386033921755
81.2 437.903297410839
81.3 437.419646756999
81.4 436.935097286472
81.5 436.449664367261
81.6 435.963363407849
81.7 435.476209855908
81.8 434.988219197021
81.9 434.499406953391
82 434.009788682562
82.1 433.51937997614
82.2 433.028196458509
82.3 432.536253785562
82.4 432.043567643419
82.5 431.550153747161
82.6 431.056027839558
82.7 430.561205689801
82.8 430.065703092242
82.9 429.569535865131
83 429.072719849358
83.1 428.575270907198
83.2 428.077204921066
83.3 427.57853779226
83.4 427.079285439728
83.5 426.57946379882
83.6 426.079088820059
83.7 425.578176467906
83.8 425.076742719535
83.9 424.574803563608
84 424.072374999064
84.1 423.569473033897
84.2 423.066113683956
84.3 422.562312971737
84.4 422.058086925187
84.5 421.553451576513
84.6 421.048422960993
84.7 420.543017115796
84.8 420.037250078805
84.9 419.531137887448
85 419.024696577535
85.1 418.517942182099
85.2 418.010890730244
85.3 417.503558246001
85.4 416.99596074719
85.5 416.488114244284
85.6 415.98003473929
85.7 415.471738224621
85.8 414.963240681995
85.9 414.454558081319
86 413.945706379602
86.1 413.436701519855
86.2 412.927559430014
86.3 412.418296021864
86.4 411.908927189965
86.5 411.3994688106
86.6 410.889936740713
86.7 410.380346816874
86.8 409.870714854231
86.9 409.361056645489
87 408.851387959888
87.1 408.341724542184
87.2 407.832082111653
87.3 407.322476361087
87.4 406.812922955812
87.5 406.303437532707
87.6 405.794035699229
87.7 405.28473303246
87.8 404.775545078143
87.9 404.266487349745
88 403.757575327521
88.1 403.248824457581
88.2 402.74025015098
88.3 402.231867782806
88.4 401.72369269128
88.5 401.215740176866
88.6 400.70802550139
88.7 400.200563887171
88.8 399.693370516153
88.9 399.186460529059
89 398.679849024541
89.1 398.173551058351
89.2 397.667581642512
89.3 397.16195574451
89.4 396.656688286481
89.5 396.151794144421
89.6 395.647288147398
89.7 395.143185076779
89.8 394.639499665458
89.9 394.136246597106
90 393.633440505421
90.1 393.131095973392
90.2 392.629227532573
90.3 392.127849662366
90.4 391.626976789316
90.5 391.126623286408
90.6 390.626803472391
90.7 390.12753161109
90.8 389.628821910748
90.9 389.130688523364
91 388.633145544048
91.1 388.136207010389
91.2 387.639886901819
91.3 387.144199139007
91.4 386.649157583247
91.5 386.154776035861
91.6 385.661068237618
91.7 385.168047868154
91.8 384.675728545408
91.9 384.184123825067
92 383.693247200017
92.1 383.203112099813
92.2 382.713731890148
92.3 382.225119872341
92.4 381.737289282832
92.5 381.250253292685
92.6 380.764025007103
92.7 380.278617464954
92.8 379.794043638304
92.9 379.310316431964
93 378.827448683044
93.1 378.345453160515
93.2 377.864342564788
93.3 377.384129527294
93.4 376.904826610081
93.5 376.426446305418
93.6 375.949001035407
93.7 375.472503151609
93.8 374.996964934675
93.9 374.52239859399
94 374.048816267326
94.1 373.576230020504
94.2 373.104651847067
94.3 372.634093667956
94.4 372.16456733121
94.5 371.696084611658
94.6 371.228657210632
94.7 370.762296755688
94.8 370.297014800331
94.9 369.832822823752
95 369.369732230581
95.1 368.907754350634
95.2 368.446900438688
95.3 367.987181674246
95.4 367.528609161326
95.5 367.07119392825
95.6 366.614946927449
95.7 366.159879035269
95.8 365.706001051789
95.9 365.253323700654
96 364.801857628904
96.1 364.351613406824
96.2 363.902601527794
96.3 363.454832408154
96.4 363.00831638707
96.5 362.563063726415
96.6 362.119084610655
96.7 361.676389146745
96.8 361.23498736403
96.9 360.794889214158
97 360.356104570998
97.1 359.91864323057
97.2 359.482514910975
97.3 359.047729252342
97.4 358.614295816777
97.5 358.182224088322
97.6 357.75152347292
97.7 357.322203298389
97.8 356.894272814402
97.9 356.467741192476
98 356.042617525968
98.1 355.618910830075
98.2 355.196630041849
98.3 354.775784020208
98.4 354.356381545963
98.5 353.938431321849
98.6 353.521941972563
98.7 353.106922044807
98.8 352.693380007339
98.9 352.281324251031
99 351.870763088936
99.1 351.461704756354
99.2 351.054157410913
99.3 350.648129132648
99.4 350.243627924098
99.5 349.840661710391
99.6 349.439238339357
99.7 349.039365581625
99.8 348.641051130746
99.9 348.244302603305
100 347.849127539051
