0 1
0.02 1.018
0.04 1.037
0.06 1.056
0.08 1.076
0.1 1.096
0.119 1.116
0.139 1.137
0.159 1.158
0.179 1.179
0.199 1.201
0.219 1.223
0.239 1.246
0.259 1.269
0.279 1.292
0.299 1.316
0.319 1.34
0.339 1.365
0.358 1.39
0.378 1.416
0.398 1.442
0.418 1.468
0.438 1.495
0.458 1.523
0.478 1.551
0.498 1.58
0.518 1.609
0.538 1.638
0.558 1.668
0.577 1.699
0.597 1.731
0.617 1.762
0.637 1.795
0.657 1.828
0.677 1.862
0.697 1.896
0.717 1.931
0.737 1.966
0.757 2.002
0.777 2.039
0.796 2.077
0.816 2.115
0.836 2.154
0.856 2.194
0.876 2.234
0.896 2.275
0.916 2.317
0.936 2.359
0.956 2.403
0.976 2.447
0.996 2.492
1.016 2.537
1.035 2.584
1.055 2.631
1.075 2.68
1.095 2.729
1.115 2.779
1.135 2.83
1.155 2.882
1.175 2.935
1.195 2.988
1.215 3.043
1.235 3.099
1.254 3.156
1.274 3.214
1.294 3.272
1.314 3.332
1.334 3.393
1.354 3.455
1.374 3.519
1.394 3.583
1.414 3.648
1.434 3.715
1.454 3.783
1.474 3.852
1.493 3.922
1.513 3.994
1.533 4.067
1.553 4.141
1.573 4.217
1.593 4.293
1.613 4.372
1.633 4.451
1.653 4.532
1.673 4.615
1.693 4.699
1.712 4.784
1.732 4.872
1.752 4.96
1.772 5.05
1.792 5.142
1.812 5.235
1.832 5.331
1.852 5.427
1.872 5.526
1.892 5.626
1.912 5.728
1.931 5.832
1.951 5.937
1.971 6.045
1.991 6.154
2.011 6.266
2.031 6.379
2.051 6.494
2.071 6.611
2.091 6.731
2.111 6.852
2.131 6.976
2.151 7.102
2.17 7.229
2.19 7.36
2.21 7.492
2.23 7.627
2.25 7.764
2.27 7.904
2.29 8.045
2.31 8.19
2.33 8.337
2.35 8.486
2.37 8.638
2.389 8.793
2.409 8.95
2.429 9.11
2.449 9.273
2.469 9.438
2.489 9.607
2.509 9.778
2.529 9.952
2.549 10.129
2.569 10.31
2.589 10.493
2.608 10.679
2.628 10.869
2.648 11.062
2.668 11.258
2.688 11.457
2.708 11.66
2.728 11.866
2.748 12.075
2.768 12.288
2.788 12.505
2.808 12.725
2.828 12.949
2.847 13.176
2.867 13.408
2.887 13.643
2.907 13.882
2.927 14.125
2.947 14.372
2.967 14.623
2.987 14.878
3.007 15.137
3.027 15.401
3.047 15.669
3.066 15.941
3.086 16.217
3.106 16.498
3.126 16.784
3.146 17.074
3.166 17.369
3.186 17.668
3.206 17.972
3.226 18.281
3.246 18.595
3.266 18.914
3.286 19.238
3.305 19.566
3.325 19.9
3.345 20.24
3.365 20.584
3.385 20.934
3.405 21.289
3.425 21.649
3.445 22.015
3.465 22.387
3.485 22.764
3.505 23.147
3.524 23.536
3.544 23.93
3.564 24.331
3.584 24.737
3.604 25.15
3.624 25.568
3.644 25.992
3.664 26.423
3.684 26.86
3.704 27.303
3.724 27.753
3.743 28.209
3.763 28.672
3.783 29.141
3.803 29.616
3.823 30.099
3.843 30.588
3.863 31.083
3.883 31.586
3.903 32.096
3.923 32.612
3.943 33.135
3.963 33.666
3.982 34.203
4.002 34.748
4.022 35.3
4.042 35.859
4.062 36.425
4.082 36.998
4.102 37.579
4.122 38.167
4.142 38.763
4.162 39.366
4.182 39.976
4.201 40.594
4.221 41.22
4.241 41.853
4.261 42.493
4.281 43.142
4.301 43.798
4.321 44.461
4.341 45.132
4.361 45.811
4.381 46.497
4.401 47.191
4.421 47.893
4.44 48.602
4.46 49.319
4.48 50.044
4.5 50.776
4.52 51.516
4.54 52.264
4.56 53.019
4.58 53.781
4.6 54.551
4.62 55.329
4.64 56.114
4.659 56.907
4.679 57.706
4.699 58.514
4.719 59.328
4.739 60.15
4.759 60.979
4.779 61.814
4.799 62.657
4.819 63.507
4.839 64.364
4.859 65.227
4.878 66.097
4.898 66.974
4.918 67.857
4.938 68.746
4.958 69.642
4.978 70.544
4.998 71.452
5.018 72.365
5.038 73.285
5.058 74.21
5.078 75.14
5.098 76.076
5.117 77.018
5.137 77.964
5.157 78.915
5.177 79.87
5.197 80.831
5.217 81.795
5.237 82.764
5.257 83.736
5.277 84.713
5.297 85.693
5.317 86.676
5.336 87.663
5.356 88.652
5.376 89.644
5.396 90.639
5.416 91.636
5.436 92.635
5.456 93.636
5.476 94.638
5.496 95.641
5.516 96.646
5.536 97.651
5.555 98.657
5.575 99.664
5.595 100.67
5.615 101.676
5.635 102.681
5.655 103.685
5.675 104.689
5.695 105.691
5.715 106.691
5.735 107.689
5.755 108.685
5.775 109.678
5.794 110.669
5.814 111.656
5.834 112.64
5.854 113.62
5.874 114.596
5.894 115.567
5.914 116.534
5.934 117.496
5.954 118.452
5.974 119.403
5.994 120.348
6.013 121.286
6.033 122.218
6.053 123.143
6.073 124.061
6.093 124.972
6.113 125.874
6.133 126.769
6.153 127.655
6.173 128.532
6.193 129.401
6.213 130.26
6.233 131.109
6.252 131.949
6.272 132.778
6.292 133.597
6.312 134.406
6.332 135.203
6.352 135.989
6.372 136.764
6.392 137.526
6.412 138.277
6.432 139.016
6.452 139.741
6.471 140.455
6.491 141.155
6.511 141.841
6.531 142.515
6.551 143.175
6.571 143.82
6.591 144.452
6.611 145.07
6.631 145.673
6.651 146.261
6.671 146.835
6.69 147.393
6.71 147.936
6.73 148.464
6.75 148.977
6.77 149.474
6.79 149.955
6.81 150.421
6.83 150.87
6.85 151.303
6.87 151.721
6.89 152.122
6.91 152.506
6.929 152.874
6.949 153.226
6.969 153.561
6.989 153.879
7.009 154.181
7.029 154.466
7.049 154.735
7.069 154.986
7.089 155.221
7.109 155.439
7.129 155.641
7.148 155.825
7.168 155.993
7.188 156.144
7.208 156.279
7.228 156.396
7.248 156.497
7.268 156.582
7.288 156.65
7.308 156.702
7.328 156.737
7.348 156.756
7.368 156.759
7.387 156.746
7.407 156.717
7.427 156.671
7.447 156.61
7.467 156.534
7.487 156.442
7.507 156.334
7.527 156.211
7.547 156.073
7.567 155.92
7.587 155.752
7.606 155.569
7.626 155.372
7.646 155.16
7.666 154.934
7.686 154.694
7.706 154.439
7.726 154.172
7.746 153.89
7.766 153.595
7.786 153.287
7.806 152.966
7.825 152.633
7.845 152.286
7.865 151.927
7.885 151.556
7.905 151.172
7.925 150.777
7.945 150.371
7.965 149.952
7.985 149.523
8.005 149.082
8.025 148.631
8.045 148.169
8.064 147.696
8.084 147.213
8.104 146.721
8.124 146.218
8.144 145.706
8.164 145.185
8.184 144.654
8.204 144.115
8.224 143.566
8.244 143.01
8.264 142.445
8.283 141.871
8.303 141.29
8.323 140.702
8.343 140.105
8.363 139.502
8.383 138.891
8.403 138.274
8.423 137.65
8.443 137.019
8.463 136.383
8.483 135.74
8.503 135.091
8.522 134.437
8.542 133.778
8.562 133.113
8.582 132.443
8.602 131.768
8.622 131.088
8.642 130.404
8.662 129.716
8.682 129.024
8.702 128.327
8.722 127.627
8.741 126.924
8.761 126.216
8.781 125.506
8.801 124.793
8.821 124.077
8.841 123.358
8.861 122.636
8.881 121.912
8.901 121.186
8.921 120.458
8.941 119.728
8.96 118.996
8.98 118.262
9 117.527
9.02 116.791
9.04 116.054
9.06 115.315
9.08 114.576
9.1 113.836
9.12 113.095
9.14 112.354
9.16 111.612
9.18 110.87
9.199 110.128
9.219 109.386
9.239 108.644
9.259 107.903
9.279 107.161
9.299 106.421
9.319 105.681
9.339 104.941
9.359 104.202
9.379 103.465
9.399 102.728
9.418 101.992
9.438 101.258
9.458 100.524
9.478 99.793
9.498 99.062
9.518 98.333
9.538 97.606
9.558 96.881
9.578 96.157
9.598 95.435
9.618 94.716
9.637 93.998
9.657 93.282
9.677 92.569
9.697 91.858
9.717 91.149
9.737 90.443
9.757 89.739
9.777 89.037
9.797 88.338
9.817 87.642
9.837 86.948
9.857 86.257
9.876 85.569
9.896 84.884
9.916 84.202
9.936 83.522
9.956 82.846
9.976 82.172
9.996 81.502
10.016 80.835
10.036 80.171
10.056 79.51
10.076 78.852
10.095 78.198
10.115 77.547
10.135 76.899
10.155 76.254
10.175 75.613
10.195 74.976
10.215 74.341
10.235 73.711
10.255 73.083
10.275 72.46
10.295 71.839
10.315 71.223
10.334 70.61
10.354 70
10.374 69.394
10.394 68.792
10.414 68.193
10.434 67.598
10.454 67.007
10.474 66.419
10.494 65.835
10.514 65.255
10.534 64.678
10.553 64.106
10.573 63.536
10.593 62.971
10.613 62.409
10.633 61.851
10.653 61.297
10.673 60.747
10.693 60.2
10.713 59.657
10.733 59.118
10.753 58.582
10.772 58.051
10.792 57.523
10.812 56.998
10.832 56.478
10.852 55.961
10.872 55.448
10.892 54.939
10.912 54.433
10.932 53.931
10.952 53.433
10.972 52.938
10.992 52.448
11.011 51.961
11.031 51.477
11.051 50.997
11.071 50.521
11.091 50.049
11.111 49.58
11.131 49.115
11.151 48.653
11.171 48.195
11.191 47.741
11.211 47.29
11.23 46.843
11.25 46.399
11.27 45.959
11.29 45.522
11.31 45.089
11.33 44.66
11.35 44.234
11.37 43.811
11.39 43.392
11.41 42.976
11.43 42.564
11.45 42.155
11.469 41.749
11.489 41.347
11.509 40.948
11.529 40.553
11.549 40.161
11.569 39.772
11.589 39.386
11.609 39.004
11.629 38.625
11.649 38.249
11.669 37.877
11.688 37.507
11.708 37.141
11.728 36.778
11.748 36.418
11.768 36.062
11.788 35.708
11.808 35.358
11.828 35.01
11.848 34.666
11.868 34.324
11.888 33.986
11.907 33.651
11.927 33.318
11.947 32.989
11.967 32.663
11.987 32.339
12.007 32.018
12.027 31.701
12.047 31.386
12.067 31.074
12.087 30.764
12.107 30.458
12.127 30.154
12.146 29.853
12.166 29.555
12.186 29.26
12.206 28.967
12.226 28.677
12.246 28.39
12.266 28.105
12.286 27.823
12.306 27.544
12.326 27.267
12.346 26.992
12.365 26.721
12.385 26.451
12.405 26.185
12.425 25.92
12.445 25.659
12.465 25.399
12.485 25.143
12.505 24.888
12.525 24.636
12.545 24.386
12.565 24.139
12.585 23.894
12.604 23.652
12.624 23.411
12.644 23.173
12.664 22.937
12.684 22.704
12.704 22.473
12.724 22.244
12.744 22.017
12.764 21.792
12.784 21.57
12.804 21.349
12.823 21.131
12.843 20.915
12.863 20.701
12.883 20.489
12.903 20.279
12.923 20.071
12.943 19.865
12.963 19.661
12.983 19.459
13.003 19.259
13.023 19.061
13.042 18.865
13.062 18.671
13.082 18.479
13.102 18.288
13.122 18.1
13.142 17.913
13.162 17.729
13.182 17.546
13.202 17.364
13.222 17.185
13.242 17.007
13.262 16.832
13.281 16.657
13.301 16.485
13.321 16.314
13.341 16.145
13.361 15.978
13.381 15.812
13.401 15.649
13.421 15.486
13.441 15.325
13.461 15.166
13.481 15.009
13.5 14.853
13.52 14.698
13.54 14.545
13.56 14.394
13.58 14.244
13.6 14.096
13.62 13.949
13.64 13.804
13.66 13.66
13.68 13.518
13.7 13.377
13.719 13.237
13.739 13.099
13.759 12.962
13.779 12.827
13.799 12.693
13.819 12.56
13.839 12.429
13.859 12.299
13.879 12.17
13.899 12.043
13.919 11.917
13.939 11.792
13.958 11.668
13.978 11.546
13.998 11.425
14.018 11.305
14.038 11.187
14.058 11.069
14.078 10.953
14.098 10.838
14.118 10.724
14.138 10.612
14.158 10.5
14.177 10.39
14.197 10.281
14.217 10.173
14.237 10.066
14.257 9.96
14.277 9.855
14.297 9.751
14.317 9.649
14.337 9.547
14.357 9.446
14.377 9.347
14.397 9.248
14.416 9.151
14.436 9.054
14.456 8.959
14.476 8.865
14.496 8.771
14.516 8.678
14.536 8.587
14.556 8.496
14.576 8.407
14.596 8.318
14.616 8.23
14.635 8.143
14.655 8.057
14.675 7.972
14.695 7.887
14.715 7.804
14.735 7.721
14.755 7.64
14.775 7.559
14.795 7.479
14.815 7.4
14.835 7.322
14.854 7.244
14.874 7.167
14.894 7.091
14.914 7.016
14.934 6.942
14.954 6.868
14.974 6.796
14.994 6.723
15.014 6.652
15.034 6.582
15.054 6.512
15.074 6.443
15.093 6.374
15.113 6.307
15.133 6.24
15.153 6.174
15.173 6.108
15.193 6.043
15.213 5.979
15.233 5.916
15.253 5.853
15.273 5.791
15.293 5.729
15.312 5.668
15.332 5.608
15.352 5.548
15.372 5.489
15.392 5.431
15.412 5.373
15.432 5.316
15.452 5.259
15.472 5.203
15.492 5.148
15.512 5.093
15.532 5.039
15.551 4.985
15.571 4.932
15.591 4.88
15.611 4.828
15.631 4.777
15.651 4.726
15.671 4.675
15.691 4.625
15.711 4.576
15.731 4.527
15.751 4.479
15.77 4.431
15.79 4.384
15.81 4.337
15.83 4.291
15.85 4.245
15.87 4.2
15.89 4.155
15.91 4.111
15.93 4.067
15.95 4.024
15.97 3.981
15.989 3.938
16.009 3.896
16.029 3.855
16.049 3.814
16.069 3.773
16.089 3.733
16.109 3.693
16.129 3.653
16.149 3.614
16.169 3.576
16.189 3.538
16.209 3.5
16.228 3.462
16.248 3.425
16.268 3.389
16.288 3.353
16.308 3.317
16.328 3.281
16.348 3.246
16.368 3.212
16.388 3.177
16.408 3.143
16.428 3.11
16.447 3.076
16.467 3.044
16.487 3.011
16.507 2.979
16.527 2.947
16.547 2.915
16.567 2.884
16.587 2.853
16.607 2.823
16.627 2.793
16.647 2.763
16.666 2.733
16.686 2.704
16.706 2.675
16.726 2.646
16.746 2.618
16.766 2.59
16.786 2.562
16.806 2.535
16.826 2.508
16.846 2.481
16.866 2.454
16.886 2.428
16.905 2.402
16.925 2.376
16.945 2.351
16.965 2.326
16.985 2.301
17.005 2.276
17.025 2.252
17.045 2.228
17.065 2.204
17.085 2.18
17.105 2.157
17.124 2.134
17.144 2.111
17.164 2.088
17.184 2.066
17.204 2.044
17.224 2.022
17.244 2
17.264 1.979
17.284 1.958
17.304 1.937
17.324 1.916
17.344 1.895
17.363 1.875
17.383 1.855
17.403 1.835
17.423 1.815
17.443 1.796
17.463 1.777
17.483 1.757
17.503 1.739
17.523 1.72
17.543 1.702
17.563 1.683
17.582 1.665
17.602 1.647
17.622 1.63
17.642 1.612
17.662 1.595
17.682 1.578
17.702 1.561
17.722 1.544
17.742 1.528
17.762 1.511
17.782 1.495
17.801 1.479
17.821 1.463
17.841 1.447
17.861 1.432
17.881 1.416
17.901 1.401
17.921 1.386
17.941 1.371
17.961 1.357
17.981 1.342
18.001 1.328
18.021 1.313
18.04 1.299
18.06 1.285
18.08 1.272
18.1 1.258
18.12 1.244
18.14 1.231
18.16 1.218
18.18 1.205
18.2 1.192
18.22 1.179
18.24 1.166
18.259 1.154
18.279 1.141
18.299 1.129
18.319 1.117
18.339 1.105
18.359 1.093
18.379 1.081
18.399 1.07
18.419 1.058
18.439 1.047
18.459 1.036
18.479 1.025
18.498 1.014
18.518 1.003
18.538 0.992
18.558 0.981
18.578 0.971
18.598 0.96
18.618 0.95
18.638 0.94
18.658 0.93
18.678 0.92
18.698 0.91
18.717 0.9
18.737 0.89
18.757 0.881
18.777 0.871
18.797 0.862
18.817 0.853
18.837 0.844
18.857 0.834
18.877 0.826
18.897 0.817
18.917 0.808
18.936 0.799
18.956 0.791
18.976 0.782
18.996 0.774
19.016 0.765
19.036 0.757
19.056 0.749
19.076 0.741
19.096 0.733
19.116 0.725
19.136 0.717
19.156 0.71
19.175 0.702
19.195 0.694
19.215 0.687
19.235 0.68
19.255 0.672
19.275 0.665
19.295 0.658
19.315 0.651
19.335 0.644
19.355 0.637
19.375 0.63
19.394 0.623
19.414 0.617
19.434 0.61
19.454 0.603
19.474 0.597
19.494 0.591
19.514 0.584
19.534 0.578
19.554 0.572
19.574 0.566
19.594 0.559
19.614 0.553
19.633 0.547
19.653 0.542
19.673 0.536
19.693 0.53
19.713 0.524
19.733 0.519
19.753 0.513
19.773 0.508
19.793 0.502
19.813 0.497
19.833 0.491
19.852 0.486
19.872 0.481
19.892 0.476
19.912 0.471
