0 1
0.022 1.022
0.044 1.045
0.066 1.069
0.088 1.093
0.11 1.117
0.132 1.142
0.154 1.168
0.176 1.194
0.198 1.221
0.22 1.248
0.242 1.276
0.263 1.305
0.285 1.334
0.307 1.364
0.329 1.394
0.351 1.425
0.373 1.457
0.395 1.49
0.417 1.523
0.439 1.557
0.461 1.592
0.483 1.628
0.505 1.664
0.527 1.702
0.549 1.74
0.571 1.779
0.593 1.818
0.615 1.859
0.637 1.901
0.659 1.943
0.681 1.987
0.703 2.031
0.725 2.077
0.746 2.123
0.768 2.171
0.79 2.219
0.812 2.269
0.834 2.32
0.856 2.371
0.878 2.424
0.9 2.479
0.922 2.534
0.944 2.591
0.966 2.649
0.988 2.708
1.01 2.768
1.032 2.83
1.054 2.894
1.076 2.958
1.098 3.024
1.12 3.092
1.142 3.161
1.164 3.232
1.186 3.304
1.208 3.378
1.229 3.453
1.251 3.53
1.273 3.609
1.295 3.69
1.317 3.772
1.339 3.856
1.361 3.942
1.383 4.03
1.405 4.12
1.427 4.212
1.449 4.306
1.471 4.402
1.493 4.5
1.515 4.601
1.537 4.703
1.559 4.808
1.581 4.915
1.603 5.025
1.625 5.137
1.647 5.251
1.669 5.368
1.691 5.488
1.712 5.61
1.734 5.735
1.756 5.862
1.778 5.993
1.8 6.126
1.822 6.263
1.844 6.402
1.866 6.544
1.888 6.69
1.91 6.839
1.932 6.991
1.954 7.146
1.976 7.305
1.998 7.467
2.02 7.633
2.042 7.802
2.064 7.976
2.086 8.153
2.108 8.333
2.13 8.518
2.152 8.707
2.174 8.9
2.195 9.098
2.217 9.299
2.239 9.505
2.261 9.716
2.283 9.931
2.305 10.151
2.327 10.375
2.349 10.605
2.371 10.839
2.393 11.079
2.415 11.324
2.437 11.574
2.459 11.83
2.481 12.091
2.503 12.358
2.525 12.63
2.547 12.909
2.569 13.193
2.591 13.484
2.613 13.781
2.635 14.085
2.657 14.395
2.678 14.711
2.7 15.035
2.722 15.365
2.744 15.703
2.766 16.048
2.788 16.4
2.81 16.76
2.832 17.127
2.854 17.503
2.876 17.886
2.898 18.278
2.92 18.678
2.942 19.086
2.964 19.503
2.986 19.93
3.008 20.365
3.03 20.809
3.052 21.263
3.074 21.726
3.096 22.199
3.118 22.682
3.14 23.176
3.161 23.679
3.183 24.194
3.205 24.719
3.227 25.255
3.249 25.802
3.271 26.361
3.293 26.931
3.315 27.513
3.337 28.108
3.359 28.714
3.381 29.333
3.403 29.965
3.425 30.611
3.447 31.269
3.469 31.941
3.491 32.626
3.513 33.326
3.535 34.04
3.557 34.768
3.579 35.512
3.601 36.27
3.623 37.044
3.644 37.833
3.666 38.638
3.688 39.46
3.71 40.298
3.732 41.152
3.754 42.024
3.776 42.913
3.798 43.82
3.82 44.744
3.842 45.687
3.864 46.649
3.886 47.629
3.908 48.628
3.93 49.647
3.952 50.686
3.974 51.744
3.996 52.823
4.018 53.923
4.04 55.044
4.062 56.186
4.084 57.35
4.106 58.536
4.127 59.745
4.149 60.976
4.171 62.23
4.193 63.507
4.215 64.808
4.237 66.133
4.259 67.483
4.281 68.857
4.303 70.256
4.325 71.681
4.347 73.131
4.369 74.607
4.391 76.109
4.413 77.638
4.435 79.194
4.457 80.778
4.479 82.389
4.501 84.027
4.523 85.695
4.545 87.39
4.567 89.114
4.589 90.868
4.61 92.651
4.632 94.464
4.654 96.306
4.676 98.179
4.698 100.082
4.72 102.017
4.742 103.982
4.764 105.978
4.786 108.006
4.808 110.066
4.83 112.157
4.852 114.281
4.874 116.437
4.896 118.625
4.918 120.846
4.94 123.1
4.962 125.387
4.984 127.706
5.006 130.059
5.028 132.446
5.05 134.865
5.072 137.318
5.093 139.804
5.115 142.324
5.137 144.877
5.159 147.464
5.181 150.084
5.203 152.737
5.225 155.424
5.247 158.143
5.269 160.896
5.291 163.681
5.313 166.499
5.335 169.35
5.357 172.233
5.379 175.148
5.401 178.094
5.423 181.072
5.445 184.081
5.467 187.121
5.489 190.191
5.511 193.291
5.533 196.42
5.555 199.578
5.576 202.765
5.598 205.98
5.62 209.221
5.642 212.49
5.664 215.784
5.686 219.104
5.708 222.448
5.73 225.817
5.752 229.208
5.774 232.622
5.796 236.057
5.818 239.513
5.84 242.988
5.862 246.482
5.884 249.994
5.906 253.522
5.928 257.066
5.95 260.625
5.972 264.197
5.994 267.781
6.016 271.376
6.038 274.982
6.059 278.595
6.081 282.217
6.103 285.844
6.125 289.476
6.147 293.112
6.169 296.75
6.191 300.388
6.213 304.025
6.235 307.661
6.257 311.292
6.279 314.918
6.301 318.538
6.323 322.149
6.345 325.75
6.367 329.34
6.389 332.917
6.411 336.479
6.433 340.026
6.455 343.554
6.477 347.063
6.499 350.551
6.521 354.016
6.542 357.457
6.564 360.872
6.586 364.26
6.608 367.618
6.63 370.946
6.652 374.241
6.674 377.502
6.696 380.727
6.718 383.915
6.74 387.064
6.762 390.173
6.784 393.24
6.806 396.264
6.828 399.243
6.85 402.175
6.872 405.06
6.894 407.895
6.916 410.68
6.938 413.413
6.96 416.092
6.982 418.717
7.004 421.286
7.025 423.797
7.047 426.251
7.069 428.645
7.091 430.978
7.113 433.25
7.135 435.459
7.157 437.605
7.179 439.686
7.201 441.702
7.223 443.651
7.245 445.533
7.267 447.347
7.289 449.093
7.311 450.769
7.333 452.376
7.355 453.912
7.377 455.378
7.399 456.772
7.421 458.094
7.443 459.344
7.465 460.522
7.487 461.627
7.508 462.659
7.53 463.619
7.552 464.505
7.574 465.317
7.596 466.057
7.618 466.723
7.64 467.317
7.662 467.837
7.684 468.285
7.706 468.66
7.728 468.962
7.75 469.193
7.772 469.352
7.794 469.44
7.816 469.457
7.838 469.404
7.86 469.281
7.882 469.088
7.904 468.827
7.926 468.498
7.948 468.102
7.97 467.638
7.991 467.109
8.013 466.515
8.035 465.856
8.057 465.133
8.079 464.348
8.101 463.501
8.123 462.593
8.145 461.624
8.167 460.597
8.189 459.511
8.211 458.367
8.233 457.168
8.255 455.913
8.277 454.604
8.299 453.242
8.321 451.827
8.343 450.362
8.365 448.846
8.387 447.281
8.409 445.669
8.431 444.009
8.453 442.304
8.474 440.555
8.496 438.761
8.518 436.926
8.54 435.049
8.562 433.132
8.584 431.176
8.606 429.182
8.628 427.152
8.65 425.086
8.672 422.985
8.694 420.85
8.716 418.684
8.738 416.486
8.76 414.257
8.782 412
8.804 409.715
8.826 407.403
8.848 405.065
8.87 402.702
8.892 400.315
8.914 397.905
8.936 395.474
8.957 393.022
8.979 390.55
9.001 388.059
9.023 385.551
9.045 383.025
9.067 380.484
9.089 377.928
9.111 375.357
9.133 372.774
9.155 370.178
9.177 367.571
9.199 364.953
9.221 362.325
9.243 359.689
9.265 357.045
9.287 354.393
9.309 351.735
9.331 349.071
9.353 346.402
9.375 343.729
9.397 341.053
9.419 338.374
9.44 335.692
9.462 333.01
9.484 330.326
9.506 327.643
9.528 324.96
9.55 322.278
9.572 319.598
9.594 316.92
9.616 314.245
9.638 311.574
9.66 308.907
9.682 306.244
9.704 303.586
9.726 300.934
9.748 298.288
9.77 295.649
9.792 293.016
9.814 290.391
9.836 287.774
9.858 285.165
9.88 282.565
9.902 279.974
9.923 277.392
9.945 274.82
9.967 272.258
9.989 269.707
10.011 267.167
10.033 264.637
10.055 262.12
10.077 259.614
10.099 257.12
10.121 254.638
10.143 252.169
10.165 249.713
10.187 247.269
10.209 244.839
10.231 242.423
10.253 240.02
10.275 237.632
10.297 235.257
10.319 232.897
10.341 230.551
10.363 228.22
10.385 225.903
10.406 223.602
10.428 221.315
10.45 219.044
10.472 216.788
10.494 214.547
10.516 212.323
10.538 210.113
10.56 207.92
10.582 205.742
10.604 203.58
10.626 201.434
10.648 199.304
10.67 197.191
10.692 195.093
10.714 193.011
10.736 190.946
10.758 188.897
10.78 186.865
10.802 184.848
10.824 182.848
10.846 180.865
10.868 178.897
10.889 176.946
10.911 175.012
10.933 173.093
10.955 171.192
10.977 169.306
10.999 167.437
11.021 165.584
11.043 163.747
11.065 161.927
11.087 160.122
11.109 158.334
11.131 156.562
11.153 154.807
11.175 153.067
11.197 151.343
11.219 149.635
11.241 147.943
11.263 146.267
11.285 144.606
11.307 142.962
11.329 141.333
11.351 139.719
11.372 138.121
11.394 136.538
11.416 134.971
11.438 133.419
11.46 131.883
11.482 130.361
11.504 128.854
11.526 127.363
11.548 125.886
11.57 124.424
11.592 122.977
11.614 121.544
11.636 120.126
11.658 118.723
11.68 117.333
11.702 115.958
11.724 114.598
11.746 113.251
11.768 111.918
11.79 110.599
11.812 109.294
11.834 108.002
11.855 106.725
11.877 105.46
11.899 104.209
11.921 102.971
11.943 101.747
11.965 100.535
11.987 99.337
12.009 98.151
12.031 96.979
12.053 95.818
12.075 94.671
12.097 93.536
12.119 92.413
12.141 91.303
12.163 90.205
12.185 89.118
12.207 88.044
12.229 86.982
12.251 85.931
12.273 84.892
12.295 83.865
12.317 82.849
12.338 81.844
12.36 80.851
12.382 79.869
12.404 78.898
12.426 77.938
12.448 76.988
12.47 76.05
12.492 75.122
12.514 74.204
12.536 73.297
12.558 72.401
12.58 71.514
12.602 70.638
12.624 69.772
12.646 68.916
12.668 68.069
12.69 67.233
12.712 66.406
12.734 65.589
12.756 64.781
12.778 63.982
12.8 63.193
12.821 62.413
12.843 61.642
12.865 60.88
12.887 60.127
12.909 59.383
12.931 58.647
12.953 57.921
12.975 57.202
12.997 56.493
13.019 55.791
13.041 55.098
13.063 54.413
13.085 53.736
13.107 53.068
13.129 52.407
13.151 51.754
13.173 51.109
13.195 50.471
13.217 49.841
13.239 49.219
13.261 48.604
13.283 47.996
13.304 47.396
13.326 46.803
13.348 46.217
13.37 45.638
13.392 45.066
13.414 44.501
13.436 43.943
13.458 43.392
13.48 42.847
13.502 42.309
13.524 41.777
13.546 41.252
13.568 40.733
13.59 40.221
13.612 39.714
13.634 39.214
13.656 38.72
13.678 38.232
13.7 37.75
13.722 37.274
13.744 36.804
13.766 36.339
13.787 35.88
13.809 35.427
13.831 34.979
13.853 34.537
13.875 34.1
13.897 33.669
13.919 33.243
13.941 32.822
13.963 32.406
13.985 31.996
14.007 31.59
14.029 31.19
14.051 30.794
14.073 30.404
14.095 30.018
14.117 29.637
14.139 29.261
14.161 28.889
14.183 28.522
14.205 28.159
14.227 27.802
14.249 27.448
14.27 27.099
14.292 26.754
14.314 26.414
14.336 26.077
14.358 25.745
14.38 25.418
14.402 25.094
14.424 24.774
14.446 24.458
14.468 24.146
14.49 23.838
14.512 23.534
14.534 23.234
14.556 22.938
14.578 22.645
14.6 22.356
14.622 22.07
14.644 21.788
14.666 21.51
14.688 21.235
14.71 20.964
14.732 20.696
14.753 20.431
14.775 20.17
14.797 19.912
14.819 19.657
14.841 19.406
14.863 19.157
14.885 18.912
14.907 18.67
14.929 18.431
14.951 18.195
14.973 17.961
14.995 17.731
15.017 17.504
15.039 17.28
15.061 17.058
15.083 16.839
15.105 16.623
15.127 16.41
15.149 16.2
15.171 15.992
15.193 15.787
15.215 15.584
15.236 15.384
15.258 15.186
15.28 14.991
15.302 14.799
15.324 14.609
15.346 14.421
15.368 14.236
15.39 14.053
15.412 13.872
15.434 13.694
15.456 13.518
15.478 13.344
15.5 13.172
15.522 13.003
15.544 12.836
15.566 12.671
15.588 12.508
15.61 12.347
15.632 12.188
15.654 12.031
15.676 11.876
15.698 11.723
15.719 11.572
15.741 11.423
15.763 11.276
15.785 11.131
15.807 10.987
15.829 10.846
15.851 10.706
15.873 10.568
15.895 10.432
15.917 10.298
15.939 10.165
15.961 10.034
15.983 9.905
16.005 9.777
16.027 9.651
16.049 9.526
16.071 9.403
16.093 9.282
16.115 9.162
16.137 9.044
16.159 8.928
16.181 8.812
16.203 8.699
16.224 8.586
16.246 8.476
16.268 8.366
16.29 8.258
16.312 8.152
16.334 8.046
16.356 7.942
16.378 7.84
16.4 7.739
16.422 7.639
16.444 7.54
16.466 7.443
16.488 7.346
16.51 7.252
16.532 7.158
16.554 7.065
16.576 6.974
16.598 6.884
16.62 6.795
16.642 6.707
16.664 6.621
16.686 6.535
16.707 6.451
16.729 6.367
16.751 6.285
16.773 6.204
16.795 6.123
16.817 6.044
16.839 5.966
16.861 5.889
16.883 5.813
16.905 5.738
16.927 5.663
16.949 5.59
16.971 5.518
16.993 5.446
17.015 5.376
17.037 5.306
17.059 5.238
17.081 5.17
17.103 5.103
17.125 5.037
17.147 4.972
17.169 4.908
17.19 4.844
17.212 4.781
17.234 4.719
17.256 4.658
17.278 4.598
17.3 4.539
17.322 4.48
17.344 4.422
17.366 4.365
17.388 4.308
17.41 4.252
17.432 4.197
17.454 4.143
17.476 4.089
17.498 4.036
17.52 3.984
17.542 3.932
17.564 3.881
17.586 3.831
17.608 3.782
17.63 3.733
17.652 3.684
17.673 3.636
17.695 3.589
17.717 3.543
17.739 3.497
17.761 3.452
17.783 3.407
17.805 3.363
17.827 3.319
17.849 3.276
17.871 3.234
17.893 3.192
17.915 3.151
17.937 3.11
17.959 3.069
17.981 3.03
18.003 2.99
18.025 2.952
18.047 2.913
18.069 2.876
18.091 2.838
18.113 2.802
18.135 2.765
18.156 2.729
18.178 2.694
18.2 2.659
18.222 2.625
18.244 2.591
18.266 2.557
18.288 2.524
18.31 2.491
18.332 2.459
18.354 2.427
18.376 2.395
18.398 2.364
18.42 2.334
18.442 2.303
18.464 2.274
18.486 2.244
18.508 2.215
18.53 2.186
18.552 2.158
18.574 2.13
18.596 2.102
18.618 2.075
18.639 2.048
18.661 2.022
18.683 1.995
18.705 1.969
18.727 1.944
18.749 1.919
18.771 1.894
18.793 1.869
18.815 1.845
18.837 1.821
18.859 1.797
18.881 1.774
18.903 1.751
18.925 1.728
18.947 1.706
18.969 1.684
18.991 1.662
19.013 1.64
19.035 1.619
19.057 1.598
19.079 1.577
19.101 1.557
19.122 1.537
19.144 1.517
19.166 1.497
19.188 1.478
19.21 1.459
19.232 1.44
19.254 1.421
19.276 1.403
19.298 1.384
19.32 1.366
19.342 1.349
19.364 1.331
19.386 1.314
19.408 1.297
19.43 1.28
19.452 1.263
19.474 1.247
19.496 1.231
19.518 1.215
19.54 1.199
19.562 1.183
19.584 1.168
19.605 1.153
19.627 1.138
19.649 1.123
19.671 1.109
19.693 1.094
19.715 1.08
19.737 1.066
19.759 1.052
19.781 1.039
19.803 1.025
19.825 1.012
19.847 0.999
19.869 0.986
19.891 0.973
19.913 0.96
19.935 0.948
19.957 0.935
19.979 0.923
20.001 0.911
20.023 0.9
20.045 0.888
20.067 0.876
20.088 0.865
20.11 0.854
20.132 0.843
20.154 0.832
20.176 0.821
20.198 0.81
20.22 0.8
20.242 0.789
20.264 0.779
20.286 0.769
20.308 0.759
20.33 0.749
20.352 0.739
20.374 0.73
20.396 0.72
20.418 0.711
20.44 0.702
20.462 0.693
20.484 0.684
20.506 0.675
20.528 0.666
20.55 0.657
20.571 0.649
20.593 0.64
20.615 0.632
20.637 0.624
20.659 0.616
20.681 0.608
20.703 0.6
20.725 0.592
20.747 0.584
20.769 0.577
20.791 0.569
20.813 0.562
20.835 0.555
20.857 0.547
20.879 0.54
20.901 0.533
20.923 0.526
20.945 0.52
20.967 0.513
20.989 0.506
21.011 0.5
21.033 0.493
21.054 0.487
21.076 0.48
21.098 0.474
21.12 0.468
21.142 0.462
21.164 0.456
21.186 0.45
21.208 0.444
21.23 0.438
21.252 0.433
21.274 0.427
21.296 0.422
21.318 0.416
21.34 0.411
21.362 0.405
21.384 0.4
21.406 0.395
21.428 0.39
21.45 0.385
21.472 0.38
21.494 0.375
21.516 0.37
21.537 0.365
21.559 0.36
21.581 0.356
21.603 0.351
21.625 0.346
21.647 0.342
21.669 0.338
21.691 0.333
21.713 0.329
21.735 0.325
21.757 0.32
21.779 0.316
21.801 0.312
21.823 0.308
21.845 0.304
21.867 0.3
21.889 0.296
21.911 0.292
21.933 0.289
21.955 0.285
