0 1
0.017 1.017
0.033 1.033
0.05 1.05
0.066 1.068
0.083 1.086
0.099 1.103
0.116 1.122
0.133 1.14
0.149 1.159
0.166 1.178
0.182 1.198
0.199 1.218
0.215 1.238
0.232 1.258
0.249 1.279
0.265 1.3
0.282 1.322
0.298 1.344
0.315 1.366
0.331 1.388
0.348 1.411
0.365 1.435
0.381 1.458
0.398 1.483
0.414 1.507
0.431 1.532
0.447 1.557
0.464 1.583
0.481 1.609
0.497 1.636
0.514 1.663
0.53 1.69
0.547 1.718
0.563 1.747
0.58 1.776
0.597 1.805
0.613 1.835
0.63 1.865
0.646 1.896
0.663 1.927
0.679 1.959
0.696 1.991
0.713 2.024
0.729 2.058
0.746 2.092
0.762 2.126
0.779 2.161
0.795 2.197
0.812 2.233
0.829 2.27
0.845 2.308
0.862 2.346
0.878 2.384
0.895 2.424
0.911 2.464
0.928 2.504
0.945 2.546
0.961 2.588
0.978 2.63
0.994 2.674
1.011 2.718
1.027 2.763
1.044 2.808
1.061 2.855
1.077 2.902
1.094 2.949
1.11 2.998
1.127 3.047
1.143 3.098
1.16 3.149
1.177 3.201
1.193 3.253
1.21 3.307
1.226 3.361
1.243 3.417
1.259 3.473
1.276 3.53
1.293 3.588
1.309 3.648
1.326 3.708
1.342 3.769
1.359 3.831
1.375 3.894
1.392 3.958
1.409 4.023
1.425 4.089
1.442 4.156
1.458 4.225
1.475 4.294
1.491 4.365
1.508 4.436
1.525 4.509
1.541 4.583
1.558 4.659
1.574 4.735
1.591 4.813
1.607 4.892
1.624 4.972
1.641 5.054
1.657 5.137
1.674 5.221
1.69 5.307
1.707 5.394
1.723 5.483
1.74 5.573
1.757 5.664
1.773 5.757
1.79 5.851
1.806 5.947
1.823 6.044
1.839 6.143
1.856 6.244
1.873 6.346
1.889 6.45
1.906 6.556
1.922 6.663
1.939 6.772
1.955 6.883
1.972 6.996
1.989 7.11
2.005 7.226
2.022 7.344
2.038 7.464
2.055 7.586
2.071 7.71
2.088 7.836
2.105 7.964
2.121 8.094
2.138 8.226
2.154 8.36
2.171 8.496
2.187 8.635
2.204 8.776
2.221 8.919
2.237 9.064
2.254 9.211
2.27 9.361
2.287 9.514
2.303 9.668
2.32 9.826
2.337 9.985
2.353 10.148
2.37 10.313
2.386 10.48
2.403 10.65
2.419 10.823
2.436 10.999
2.453 11.177
2.469 11.358
2.486 11.542
2.502 11.729
2.519 11.919
2.535 12.112
2.552 12.308
2.569 12.507
2.585 12.709
2.602 12.915
2.618 13.123
2.635 13.335
2.651 13.551
2.668 13.769
2.685 13.991
2.701 14.217
2.718 14.446
2.734 14.678
2.751 14.915
2.767 15.155
2.784 15.398
2.801 15.646
2.817 15.897
2.834 16.152
2.85 16.412
2.867 16.675
2.883 16.942
2.9 17.213
2.917 17.489
2.933 17.769
2.95 18.053
2.966 18.342
2.983 18.635
2.999 18.932
3.016 19.234
3.033 19.541
3.049 19.852
3.066 20.168
3.082 20.489
3.099 20.815
3.115 21.146
3.132 21.481
3.149 21.822
3.165 22.168
3.182 22.52
3.198 22.876
3.215 23.238
3.231 23.605
3.248 23.978
3.265 24.357
3.281 24.741
3.298 25.131
3.314 25.526
3.331 25.928
3.347 26.336
3.364 26.749
3.381 27.169
3.397 27.595
3.414 28.027
3.43 28.465
3.447 28.91
3.463 29.362
3.48 29.82
3.497 30.285
3.513 30.756
3.53 31.235
3.546 31.72
3.563 32.213
3.579 32.712
3.596 33.219
3.613 33.733
3.629 34.254
3.646 34.783
3.662 35.319
3.679 35.863
3.695 36.414
3.712 36.974
3.729 37.541
3.745 38.116
3.762 38.7
3.778 39.291
3.795 39.891
3.811 40.499
3.828 41.115
3.845 41.741
3.861 42.374
3.878 43.016
3.894 43.668
3.911 44.328
3.927 44.996
3.944 45.675
3.961 46.362
3.977 47.058
3.994 47.764
4.01 48.479
4.027 49.204
4.043 49.938
4.06 50.682
4.077 51.436
4.093 52.199
4.11 52.973
4.126 53.756
4.143 54.55
4.159 55.354
4.176 56.168
4.193 56.993
4.209 57.828
4.226 58.673
4.242 59.53
4.259 60.397
4.275 61.274
4.292 62.163
4.309 63.063
4.325 63.973
4.342 64.895
4.358 65.828
4.375 66.772
4.391 67.727
4.408 68.694
4.425 69.672
4.441 70.662
4.458 71.663
4.474 72.676
4.491 73.701
4.507 74.738
4.524 75.786
4.541 76.846
4.557 77.918
4.574 79.002
4.59 80.098
4.607 81.206
4.623 82.326
4.64 83.459
4.657 84.603
4.673 85.76
4.69 86.929
4.706 88.11
4.723 89.303
4.739 90.509
4.756 91.727
4.773 92.957
4.789 94.2
4.806 95.455
4.822 96.722
4.839 98.002
4.855 99.294
4.872 100.598
4.889 101.915
4.905 103.244
4.922 104.585
4.938 105.938
4.955 107.303
4.971 108.681
4.988 110.071
5.005 111.472
5.021 112.886
5.038 114.311
5.054 115.749
5.071 117.198
5.087 118.659
5.104 120.132
5.121 121.616
5.137 123.111
5.154 124.618
5.17 126.136
5.187 127.666
5.203 129.206
5.22 130.757
5.237 132.319
5.253 133.892
5.27 135.475
5.286 137.068
5.303 138.672
5.319 140.285
5.336 141.909
5.353 143.542
5.369 145.185
5.386 146.837
5.402 148.498
5.419 150.167
5.436 151.846
5.452 153.533
5.469 155.229
5.485 156.932
5.502 158.643
5.518 160.362
5.535 162.088
5.552 163.821
5.568 165.561
5.585 167.307
5.601 169.06
5.618 170.818
5.634 172.582
5.651 174.352
5.668 176.127
5.684 177.906
5.701 179.69
5.717 181.478
5.734 183.269
5.75 185.065
5.767 186.863
5.784 188.664
5.8 190.467
5.817 192.273
5.833 194.08
5.85 195.888
5.866 197.697
5.883 199.507
5.9 201.317
5.916 203.127
5.933 204.936
5.949 206.745
5.966 208.551
5.982 210.356
5.999 212.159
6.016 213.959
6.032 215.756
6.049 217.549
6.065 219.339
6.082 221.124
6.098 222.905
6.115 224.68
6.132 226.449
6.148 228.213
6.165 229.969
6.181 231.719
6.198 233.462
6.214 235.196
6.231 236.922
6.248 238.64
6.264 240.348
6.281 242.047
6.297 243.735
6.314 245.413
6.33 247.08
6.347 248.736
6.364 250.379
6.38 252.011
6.397 253.629
6.413 255.234
6.43 256.826
6.446 258.404
6.463 259.967
6.48 261.516
6.496 263.049
6.513 264.566
6.529 266.067
6.546 267.552
6.562 269.019
6.579 270.47
6.596 271.902
6.612 273.317
6.629 274.713
6.645 276.09
6.662 277.447
6.678 278.785
6.695 280.104
6.712 281.402
6.728 282.679
6.745 283.935
6.761 285.17
6.778 286.383
6.794 287.574
6.811 288.743
6.828 289.89
6.844 291.013
6.861 292.114
6.877 293.191
6.894 294.245
6.91 295.274
6.927 296.28
6.944 297.261
6.96 298.217
6.977 299.149
6.993 300.056
7.01 300.938
7.026 301.794
7.043 302.624
7.06 303.429
7.076 304.208
7.093 304.961
7.109 305.688
7.126 306.389
7.142 307.063
7.159 307.711
7.176 308.332
7.192 308.927
7.209 309.495
7.225 310.036
7.242 310.55
7.258 311.037
7.275 311.497
7.292 311.931
7.308 312.337
7.325 312.717
7.341 313.069
7.358 313.395
7.374 313.694
7.391 313.965
7.408 314.21
7.424 314.429
7.441 314.62
7.457 314.785
7.474 314.923
7.49 315.035
7.507 315.121
7.524 315.18
7.54 315.213
7.557 315.22
7.573 315.201
7.59 315.156
7.606 315.086
7.623 314.99
7.64 314.869
7.656 314.723
7.673 314.552
7.689 314.356
7.706 314.135
7.722 313.89
7.739 313.621
7.756 313.328
7.772 313.011
7.789 312.671
7.805 312.307
7.822 311.92
7.838 311.51
7.855 311.078
7.872 310.623
7.888 310.146
7.905 309.647
7.921 309.127
7.938 308.585
7.954 308.022
7.971 307.439
7.988 306.835
8.004 306.21
8.021 305.566
8.037 304.901
8.054 304.218
8.07 303.515
8.087 302.793
8.104 302.053
8.12 301.295
8.137 300.518
8.153 299.724
8.17 298.912
8.186 298.084
8.203 297.238
8.22 296.376
8.236 295.498
8.253 294.604
8.269 293.695
8.286 292.77
8.302 291.83
8.319 290.876
8.336 289.907
8.352 288.924
8.369 287.928
8.385 286.917
8.402 285.894
8.418 284.858
8.435 283.81
8.452 282.749
8.468 281.676
8.485 280.592
8.501 279.496
8.518 278.389
8.534 277.272
8.551 276.144
8.568 275.005
8.584 273.857
8.601 272.7
8.617 271.533
8.634 270.357
8.65 269.172
8.667 267.979
8.684 266.778
8.7 265.568
8.717 264.351
8.733 263.127
8.75 261.896
8.766 260.658
8.783 259.413
8.8 258.162
8.816 256.905
8.833 255.642
8.849 254.374
8.866 253.1
8.882 251.821
8.899 250.538
8.916 249.25
8.932 247.957
8.949 246.661
8.965 245.361
8.982 244.057
8.998 242.749
9.015 241.439
9.032 240.126
9.048 238.809
9.065 237.491
9.081 236.17
9.098 234.847
9.114 233.522
9.131 232.196
9.148 230.868
9.164 229.538
9.181 228.208
9.197 226.877
9.214 225.545
9.23 224.212
9.247 222.879
9.264 221.546
9.28 220.213
9.297 218.88
9.313 217.548
9.33 216.216
9.346 214.885
9.363 213.554
9.38 212.225
9.396 210.896
9.413 209.569
9.429 208.244
9.446 206.92
9.462 205.598
9.479 204.277
9.496 202.959
9.512 201.643
9.529 200.329
9.545 199.017
9.562 197.708
9.578 196.402
9.595 195.098
9.612 193.797
9.628 192.5
9.645 191.205
9.661 189.914
9.678 188.626
9.694 187.341
9.711 186.06
9.728 184.782
9.744 183.509
9.761 182.239
9.777 180.973
9.794 179.711
9.81 178.453
9.827 177.199
9.844 175.949
9.86 174.704
9.877 173.463
9.893 172.227
9.91 170.995
9.926 169.768
9.943 168.546
9.96 167.328
9.976 166.115
9.993 164.907
10.009 163.704
10.026 162.506
10.042 161.313
10.059 160.125
10.076 158.942
10.092 157.765
10.109 156.593
10.125 155.426
10.142 154.264
10.158 153.108
10.175 151.957
10.192 150.812
10.208 149.673
10.225 148.538
10.241 147.41
10.258 146.287
10.274 145.17
10.291 144.058
10.308 142.952
10.324 141.852
10.341 140.757
10.357 139.669
10.374 138.586
10.39 137.509
10.407 136.438
10.424 135.373
10.44 134.313
10.457 133.26
10.473 132.212
10.49 131.171
10.506 130.135
10.523 129.106
10.54 128.082
10.556 127.064
10.573 126.052
10.589 125.047
10.606 124.047
10.622 123.053
10.639 122.065
10.656 121.084
10.672 120.108
10.689 119.138
10.705 118.174
10.722 117.217
10.738 116.265
10.755 115.319
10.772 114.38
10.788 113.446
10.805 112.518
10.821 111.597
10.838 110.681
10.854 109.771
10.871 108.867
10.888 107.969
10.904 107.077
10.921 106.191
10.937 105.311
10.954 104.437
10.97 103.569
10.987 102.707
11.004 101.85
11.02 101
11.037 100.155
11.053 99.316
11.07 98.483
11.086 97.655
11.103 96.834
11.12 96.018
11.136 95.208
11.153 94.404
11.169 93.605
11.186 92.812
11.202 92.025
11.219 91.243
11.236 90.467
11.252 89.697
11.269 88.932
11.285 88.173
11.302 87.419
11.318 86.671
11.335 85.928
11.352 85.191
11.368 84.459
11.385 83.733
11.401 83.012
11.418 82.297
11.434 81.587
11.451 80.882
11.468 80.182
11.484 79.488
11.501 78.799
11.517 78.115
11.534 77.437
11.55 76.763
11.567 76.095
11.584 75.432
11.6 74.774
11.617 74.122
11.633 73.474
11.65 72.831
11.666 72.193
11.683 71.56
11.7 70.933
11.716 70.31
11.733 69.692
11.749 69.079
11.766 68.47
11.782 67.867
11.799 67.268
11.816 66.674
11.832 66.085
11.849 65.5
11.865 64.92
11.882 64.345
11.898 63.775
11.915 63.209
11.932 62.647
11.948 62.09
11.965 61.538
11.981 60.99
11.998 60.447
12.014 59.908
12.031 59.373
12.048 58.843
12.064 58.317
12.081 57.795
12.097 57.278
12.114 56.765
12.13 56.256
12.147 55.751
12.164 55.251
12.18 54.754
12.197 54.262
12.213 53.774
12.23 53.29
12.246 52.81
12.263 52.334
12.28 51.862
12.296 51.394
12.313 50.93
12.329 50.47
12.346 50.013
12.362 49.561
12.379 49.112
12.396 48.667
12.412 48.226
12.429 47.789
12.445 47.355
12.462 46.925
12.478 46.498
12.495 46.076
12.512 45.657
12.528 45.241
12.545 44.829
12.561 44.421
12.578 44.016
12.594 43.614
12.611 43.216
12.628 42.822
12.644 42.43
12.661 42.043
12.677 41.658
12.694 41.277
12.71 40.899
12.727 40.525
12.744 40.153
12.76 39.785
12.777 39.42
12.793 39.059
12.81 38.7
12.826 38.344
12.843 37.992
12.86 37.643
12.876 37.297
12.893 36.953
12.909 36.613
12.926 36.276
12.942 35.942
12.959 35.611
12.976 35.282
12.992 34.957
13.009 34.634
13.025 34.314
13.042 33.997
13.058 33.683
13.075 33.372
13.092 33.063
13.108 32.757
13.125 32.454
13.141 32.154
13.158 31.856
13.174 31.561
13.191 31.268
13.208 30.978
13.224 30.691
13.241 30.406
13.257 30.124
13.274 29.844
13.29 29.567
13.307 29.292
13.324 29.02
13.34 28.75
13.357 28.483
13.373 28.218
13.39 27.955
13.406 27.695
13.423 27.437
13.44 27.181
13.456 26.928
13.473 26.677
13.489 26.428
13.506 26.182
13.522 25.938
13.539 25.695
13.556 25.456
13.572 25.218
13.589 24.982
13.605 24.749
13.622 24.517
13.638 24.288
13.655 24.061
13.672 23.836
13.688 23.613
13.705 23.392
13.721 23.173
13.738 22.956
13.754 22.741
13.771 22.528
13.788 22.317
13.804 22.107
13.821 21.9
13.837 21.695
13.854 21.491
13.87 21.29
13.887 21.09
13.904 20.892
13.92 20.696
13.937 20.501
13.953 20.309
13.97 20.118
13.986 19.929
14.003 19.741
14.02 19.556
14.036 19.372
14.053 19.189
14.069 19.009
14.086 18.83
14.102 18.653
14.119 18.477
14.136 18.303
14.152 18.131
14.169 17.96
14.185 17.791
14.202 17.623
14.218 17.457
14.235 17.292
14.252 17.129
14.268 16.967
14.285 16.807
14.301 16.649
14.318 16.492
14.334 16.336
14.351 16.182
14.368 16.029
14.384 15.878
14.401 15.728
14.417 15.579
14.434 15.432
14.45 15.286
14.467 15.141
14.484 14.998
14.5 14.856
14.517 14.716
14.533 14.577
14.55 14.439
14.566 14.302
14.583 14.167
14.6 14.033
14.616 13.9
14.633 13.768
14.649 13.638
14.666 13.509
14.682 13.381
14.699 13.254
14.716 13.128
14.732 13.004
14.749 12.881
14.765 12.759
14.782 12.638
14.798 12.518
14.815 12.399
14.832 12.281
14.848 12.165
14.865 12.05
14.881 11.935
14.898 11.822
14.914 11.71
14.931 11.599
14.948 11.488
14.964 11.379
14.981 11.271
14.997 11.164
15.014 11.058
15.03 10.953
15.047 10.849
15.064 10.746
15.08 10.644
15.097 10.543
15.113 10.442
15.13 10.343
15.146 10.245
15.163 10.147
15.18 10.051
15.196 9.955
15.213 9.861
15.229 9.767
15.246 9.674
15.262 9.582
15.279 9.491
15.296 9.4
15.312 9.311
15.329 9.222
15.345 9.135
15.362 9.048
15.378 8.961
15.395 8.876
15.412 8.792
15.428 8.708
15.445 8.625
15.461 8.543
15.478 8.461
15.494 8.381
15.511 8.301
15.528 8.222
15.544 8.143
15.561 8.066
15.577 7.989
15.594 7.913
15.61 7.837
15.627 7.763
15.644 7.689
15.66 7.615
15.677 7.543
15.693 7.471
15.71 7.399
15.726 7.329
15.743 7.259
15.76 7.19
15.776 7.121
15.793 7.053
15.809 6.986
15.826 6.919
15.842 6.853
15.859 6.788
15.876 6.723
15.892 6.659
15.909 6.595
15.925 6.532
15.942 6.47
15.958 6.408
15.975 6.347
15.992 6.286
16.008 6.226
16.025 6.167
16.041 6.108
16.058 6.049
16.074 5.992
16.091 5.934
16.108 5.878
16.124 5.821
16.141 5.766
16.157 5.711
16.174 5.656
16.191 5.602
16.207 5.548
16.224 5.495
16.24 5.443
16.257 5.391
16.273 5.339
16.29 5.288
16.307 5.238
16.323 5.188
16.34 5.138
16.356 5.089
16.373 5.04
16.389 4.992
16.406 4.944
16.423 4.897
16.439 4.85
16.456 4.804
16.472 4.758
16.489 4.712
16.505 4.667
16.522 4.622
16.539 4.578
16.555 4.534
16.572 4.491
