0 1
0.01 1.012
0.02 1.024
0.03 1.036
0.04 1.048
0.05 1.06
0.06 1.073
0.07 1.085
0.08 1.098
0.09 1.111
0.1 1.124
0.11 1.137
0.12 1.151
0.13 1.164
0.14 1.178
0.15 1.192
0.16 1.206
0.17 1.22
0.18 1.234
0.19 1.249
0.2 1.263
0.21 1.278
0.22 1.293
0.23 1.308
0.24 1.324
0.25 1.339
0.26 1.355
0.27 1.371
0.28 1.387
0.29 1.403
0.3 1.42
0.31 1.436
0.32 1.453
0.33 1.47
0.34 1.487
0.35 1.504
0.36 1.522
0.37 1.54
0.38 1.558
0.39 1.576
0.4 1.594
0.41 1.613
0.42 1.632
0.43 1.651
0.44 1.67
0.45 1.689
0.46 1.709
0.47 1.729
0.48 1.749
0.49 1.769
0.5 1.79
0.51 1.81
0.52 1.831
0.53 1.853
0.54 1.874
0.55 1.896
0.56 1.918
0.57 1.94
0.58 1.962
0.59 1.985
0.6 2.008
0.61 2.031
0.62 2.055
0.63 2.078
0.64 2.102
0.65 2.127
0.66 2.151
0.67 2.176
0.68 2.201
0.69 2.226
0.7 2.252
0.71 2.278
0.72 2.304
0.73 2.33
0.74 2.357
0.75 2.384
0.76 2.411
0.77 2.439
0.78 2.467
0.79 2.495
0.8 2.524
0.81 2.553
0.82 2.582
0.83 2.611
0.84 2.641
0.85 2.671
0.86 2.702
0.87 2.732
0.88 2.763
0.89 2.795
0.9 2.827
0.91 2.859
0.92 2.891
0.93 2.924
0.94 2.957
0.95 2.991
0.96 3.024
0.97 3.059
0.98 3.093
0.99 3.128
1 3.163
1.01 3.199
1.02 3.235
1.03 3.272
1.04 3.308
1.05 3.346
1.06 3.383
1.07 3.421
1.08 3.46
1.09 3.498
1.1 3.537
1.11 3.577
1.12 3.617
1.13 3.657
1.14 3.698
1.15 3.739
1.16 3.781
1.17 3.823
1.18 3.866
1.19 3.909
1.2 3.952
1.21 3.996
1.22 4.04
1.23 4.085
1.24 4.13
1.25 4.175
1.26 4.222
1.27 4.268
1.28 4.315
1.29 4.363
1.3 4.41
1.31 4.459
1.32 4.508
1.33 4.557
1.34 4.607
1.35 4.657
1.36 4.708
1.37 4.759
1.38 4.811
1.39 4.864
1.4 4.916
1.41 4.97
1.42 5.024
1.43 5.078
1.44 5.133
1.45 5.188
1.46 5.244
1.47 5.301
1.48 5.358
1.49 5.415
1.5 5.474
1.51 5.532
1.52 5.591
1.53 5.651
1.54 5.711
1.55 5.772
1.56 5.834
1.57 5.896
1.58 5.958
1.59 6.021
1.6 6.085
1.61 6.149
1.62 6.214
1.63 6.28
1.64 6.346
1.65 6.412
1.66 6.48
1.67 6.547
1.68 6.616
1.69 6.685
1.7 6.754
1.71 6.825
1.72 6.896
1.73 6.967
1.74 7.039
1.75 7.112
1.76 7.185
1.77 7.259
1.78 7.334
1.79 7.409
1.8 7.485
1.81 7.561
1.82 7.638
1.83 7.716
1.84 7.794
1.85 7.873
1.86 7.953
1.87 8.033
1.88 8.114
1.89 8.196
1.9 8.278
1.91 8.361
1.92 8.444
1.93 8.528
1.94 8.613
1.95 8.699
1.96 8.785
1.97 8.872
1.98 8.959
1.99 9.047
2 9.136
2.01 9.226
2.02 9.316
2.03 9.407
2.04 9.498
2.05 9.59
2.06 9.683
2.07 9.776
2.08 9.871
2.09 9.965
2.1 10.061
2.11 10.157
2.12 10.254
2.13 10.351
2.14 10.449
2.15 10.548
2.16 10.647
2.17 10.748
2.18 10.848
2.19 10.95
2.2 11.052
2.21 11.154
2.22 11.258
2.23 11.362
2.24 11.466
2.25 11.572
2.26 11.678
2.27 11.784
2.28 11.891
2.29 11.999
2.3 12.108
2.31 12.217
2.32 12.327
2.33 12.437
2.34 12.548
2.35 12.66
2.36 12.772
2.37 12.885
2.38 12.998
2.39 13.112
2.4 13.226
2.41 13.342
2.42 13.457
2.43 13.574
2.44 13.691
2.45 13.808
2.46 13.926
2.47 14.045
2.48 14.164
2.49 14.283
2.5 14.404
2.51 14.524
2.52 14.646
2.53 14.767
2.54 14.89
2.55 15.012
2.56 15.136
2.57 15.259
2.58 15.383
2.59 15.508
2.6 15.633
2.61 15.759
2.62 15.885
2.63 16.011
2.64 16.138
2.65 16.265
2.66 16.393
2.67 16.521
2.68 16.65
2.69 16.778
2.7 16.908
2.71 17.037
2.72 17.167
2.73 17.297
2.74 17.428
2.75 17.559
2.76 17.69
2.77 17.821
2.78 17.953
2.79 18.085
2.8 18.217
2.81 18.349
2.82 18.482
2.83 18.615
2.84 18.748
2.85 18.881
2.86 19.015
2.87 19.148
2.88 19.282
2.89 19.416
2.9 19.55
2.91 19.684
2.92 19.818
2.93 19.952
2.94 20.086
2.95 20.221
2.96 20.355
2.97 20.489
2.98 20.624
2.99 20.758
3 20.892
3.01 21.027
3.02 21.161
3.03 21.295
3.04 21.429
3.05 21.563
3.06 21.697
3.07 21.83
3.08 21.964
3.09 22.097
3.1 22.23
3.11 22.363
3.12 22.496
3.13 22.628
3.14 22.76
3.15 22.892
3.16 23.024
3.17 23.155
3.18 23.286
3.19 23.416
3.2 23.547
3.21 23.676
3.22 23.806
3.23 23.935
3.24 24.063
3.25 24.192
3.26 24.319
3.27 24.446
3.28 24.573
3.29 24.699
3.3 24.825
3.31 24.95
3.32 25.074
3.33 25.198
3.34 25.321
3.35 25.444
3.36 25.566
3.37 25.687
3.38 25.808
3.39 25.928
3.4 26.047
3.41 26.166
3.42 26.284
3.43 26.401
3.44 26.517
3.45 26.632
3.46 26.747
3.47 26.861
3.48 26.974
3.49 27.086
3.5 27.197
3.51 27.308
3.52 27.417
3.53 27.526
3.54 27.633
3.55 27.74
3.56 27.845
3.57 27.95
3.58 28.054
3.59 28.157
3.6 28.258
3.61 28.359
3.62 28.458
3.63 28.557
3.64 28.654
3.65 28.75
3.66 28.846
3.67 28.94
3.68 29.033
3.69 29.124
3.7 29.215
3.71 29.304
3.72 29.393
3.73 29.48
3.74 29.566
3.75 29.65
3.76 29.734
3.77 29.816
3.78 29.897
3.79 29.976
3.8 30.055
3.81 30.132
3.82 30.208
3.83 30.282
3.84 30.355
3.85 30.427
3.86 30.498
3.87 30.567
3.88 30.635
3.89 30.701
3.9 30.766
3.91 30.83
3.92 30.893
3.93 30.954
3.94 31.013
3.949 31.072
3.959 31.129
3.969 31.184
3.979 31.238
3.989 31.291
3.999 31.342
4.009 31.392
4.019 31.44
4.029 31.487
4.039 31.533
4.049 31.577
4.059 31.619
4.069 31.661
4.079 31.7
4.089 31.739
4.099 31.776
4.109 31.811
4.119 31.845
4.129 31.878
4.139 31.909
4.149 31.939
4.159 31.967
4.169 31.993
4.179 32.019
4.189 32.043
4.199 32.065
4.209 32.086
4.219 32.106
4.229 32.124
4.239 32.14
4.249 32.156
4.259 32.169
4.269 32.182
4.279 32.193
4.289 32.202
4.299 32.21
4.309 32.217
4.319 32.222
4.329 32.226
4.339 32.228
4.349 32.23
4.359 32.229
4.369 32.227
4.379 32.224
4.389 32.22
4.399 32.214
4.409 32.207
4.419 32.198
4.429 32.188
4.439 32.177
4.449 32.164
4.459 32.15
4.469 32.135
4.479 32.118
4.489 32.101
4.499 32.081
4.509 32.061
4.519 32.039
4.529 32.016
4.539 31.992
4.549 31.966
4.559 31.939
4.569 31.911
4.579 31.882
4.589 31.851
4.599 31.82
4.609 31.787
4.619 31.753
4.629 31.717
4.639 31.681
4.649 31.643
4.659 31.604
4.669 31.564
4.679 31.523
4.689 31.481
4.699 31.438
4.709 31.393
4.719 31.348
4.729 31.301
4.739 31.253
4.749 31.205
4.759 31.155
4.769 31.104
4.779 31.052
4.789 30.999
4.799 30.945
4.809 30.891
4.819 30.835
4.829 30.778
4.839 30.72
4.849 30.661
4.859 30.602
4.869 30.541
4.879 30.48
4.889 30.417
4.899 30.354
4.909 30.29
4.919 30.225
4.929 30.159
4.939 30.092
4.949 30.025
4.959 29.957
4.969 29.887
4.979 29.817
4.989 29.747
4.999 29.675
5.009 29.603
5.019 29.53
5.029 29.456
5.039 29.382
5.049 29.307
5.059 29.231
5.069 29.154
5.079 29.077
5.089 28.999
5.099 28.921
5.109 28.841
5.119 28.762
5.129 28.681
5.139 28.6
5.149 28.519
5.159 28.436
5.169 28.354
5.179 28.27
5.189 28.186
5.199 28.102
5.209 28.017
5.219 27.932
5.229 27.846
5.239 27.759
5.249 27.672
5.259 27.585
5.269 27.497
5.279 27.409
5.289 27.32
5.299 27.231
5.309 27.141
5.319 27.051
5.329 26.961
5.339 26.87
5.349 26.779
5.359 26.687
5.369 26.595
5.379 26.503
5.389 26.411
5.399 26.318
5.409 26.225
5.419 26.131
5.429 26.037
5.439 25.943
5.449 25.849
5.459 25.754
5.469 25.66
5.479 25.564
5.489 25.469
5.499 25.373
5.509 25.278
5.519 25.182
5.529 25.085
5.539 24.989
5.549 24.893
5.559 24.796
5.569 24.699
5.579 24.602
5.589 24.505
5.599 24.407
5.609 24.31
5.619 24.212
5.629 24.114
5.639 24.016
5.649 23.919
5.659 23.82
5.669 23.722
5.679 23.624
5.689 23.526
5.699 23.428
5.709 23.329
5.719 23.231
5.729 23.132
5.739 23.034
5.749 22.935
5.759 22.837
5.769 22.738
5.779 22.64
5.789 22.541
5.799 22.443
5.809 22.344
5.819 22.245
5.829 22.147
5.839 22.049
5.849 21.95
5.859 21.852
5.869 21.754
5.879 21.655
5.889 21.557
5.899 21.459
5.909 21.361
5.919 21.263
5.929 21.165
5.939 21.067
5.949 20.97
5.959 20.872
5.969 20.775
5.979 20.677
5.989 20.58
5.999 20.483
6.009 20.386
6.019 20.289
6.029 20.192
6.039 20.096
6.049 20
6.059 19.903
6.069 19.807
6.079 19.711
6.089 19.615
6.099 19.52
6.109 19.424
6.119 19.329
6.129 19.234
6.139 19.139
6.149 19.045
6.159 18.95
6.169 18.856
6.179 18.762
6.189 18.668
6.199 18.574
6.209 18.481
6.219 18.387
6.229 18.294
6.239 18.202
6.249 18.109
6.259 18.017
6.269 17.924
6.279 17.833
6.289 17.741
6.299 17.649
6.309 17.558
6.319 17.467
6.329 17.377
6.339 17.286
6.349 17.196
6.359 17.106
6.369 17.016
6.379 16.927
6.389 16.838
6.399 16.749
6.409 16.66
6.419 16.572
6.429 16.484
6.439 16.396
6.449 16.309
6.459 16.222
6.469 16.135
6.479 16.048
6.489 15.961
6.499 15.875
6.509 15.79
6.519 15.704
6.529 15.619
6.539 15.534
6.549 15.449
6.559 15.365
6.569 15.281
6.579 15.197
6.589 15.114
6.599 15.03
6.609 14.947
6.619 14.865
6.629 14.783
6.639 14.701
6.649 14.619
6.659 14.538
6.669 14.457
6.679 14.376
6.689 14.296
6.699 14.215
6.709 14.136
6.719 14.056
6.729 13.977
6.739 13.898
6.749 13.82
6.759 13.741
6.769 13.663
6.779 13.586
6.789 13.509
6.799 13.432
6.809 13.355
6.819 13.279
6.829 13.203
6.839 13.127
6.849 13.052
6.859 12.976
6.869 12.902
6.879 12.827
6.889 12.753
6.899 12.679
6.909 12.606
6.919 12.533
6.929 12.46
6.939 12.388
6.949 12.315
6.959 12.244
6.969 12.172
6.979 12.101
6.989 12.03
6.999 11.959
7.009 11.889
7.019 11.819
7.029 11.75
7.039 11.68
7.049 11.611
7.059 11.543
7.069 11.474
7.079 11.407
7.089 11.339
7.099 11.271
7.109 11.204
7.119 11.138
7.129 11.071
7.139 11.005
7.149 10.939
7.159 10.874
7.169 10.809
7.179 10.744
7.189 10.68
7.199 10.615
7.209 10.551
7.219 10.488
7.229 10.425
7.239 10.362
7.249 10.299
7.259 10.237
7.269 10.175
7.279 10.113
7.289 10.052
7.299 9.991
7.309 9.93
7.319 9.869
7.329 9.809
7.339 9.749
7.349 9.69
7.359 9.631
7.369 9.572
7.379 9.513
7.389 9.455
7.399 9.397
7.409 9.339
7.419 9.282
7.429 9.225
7.439 9.168
7.449 9.111
7.459 9.055
7.469 8.999
7.479 8.944
7.489 8.888
7.499 8.833
7.509 8.778
7.519 8.724
7.529 8.67
7.539 8.616
7.549 8.562
7.559 8.509
7.569 8.456
7.579 8.403
7.589 8.351
7.599 8.299
7.609 8.247
7.619 8.195
7.629 8.144
7.639 8.093
7.649 8.042
7.659 7.992
7.669 7.942
7.679 7.892
7.689 7.842
7.699 7.793
7.709 7.744
7.719 7.695
7.729 7.646
7.739 7.598
7.749 7.55
7.759 7.502
7.769 7.455
7.779 7.408
7.789 7.361
7.799 7.314
7.809 7.268
7.819 7.222
7.829 7.176
7.839 7.13
7.849 7.085
7.859 7.04
7.869 6.995
7.879 6.95
7.889 6.906
7.899 6.862
7.909 6.818
7.919 6.775
7.929 6.731
7.939 6.688
7.949 6.645
7.959 6.603
7.969 6.561
7.979 6.518
7.989 6.477
7.999 6.435
8.009 6.394
8.019 6.353
8.029 6.312
8.039 6.271
8.049 6.231
8.059 6.191
8.069 6.151
8.079 6.111
8.089 6.072
8.099 6.032
8.109 5.994
8.119 5.955
8.129 5.916
8.139 5.878
8.149 5.84
8.159 5.802
8.169 5.765
8.179 5.727
8.189 5.69
8.199 5.653
8.209 5.616
8.219 5.58
8.229 5.544
8.239 5.508
8.249 5.472
8.259 5.436
8.269 5.401
8.279 5.366
8.289 5.331
8.299 5.296
8.309 5.261
8.319 5.227
8.329 5.193
8.339 5.159
8.349 5.125
8.359 5.092
8.369 5.058
8.379 5.025
8.389 4.992
8.399 4.96
8.409 4.927
8.419 4.895
8.429 4.863
8.439 4.831
8.449 4.799
8.459 4.768
8.469 4.736
8.479 4.705
8.489 4.674
8.499 4.643
8.509 4.613
8.519 4.582
8.529 4.552
8.539 4.522
8.549 4.492
8.559 4.463
8.569 4.433
8.579 4.404
8.589 4.375
8.599 4.346
8.609 4.317
8.619 4.289
8.629 4.261
8.639 4.232
8.649 4.204
8.659 4.177
8.669 4.149
8.679 4.121
8.689 4.094
8.699 4.067
8.709 4.04
8.719 4.013
8.729 3.987
8.739 3.96
8.749 3.934
8.759 3.908
8.769 3.882
8.779 3.856
8.789 3.83
8.799 3.805
8.809 3.78
8.819 3.754
8.829 3.729
8.839 3.705
8.849 3.68
8.859 3.655
8.869 3.631
8.879 3.607
8.889 3.583
8.899 3.559
8.909 3.535
8.919 3.512
8.929 3.488
8.939 3.465
8.949 3.442
8.959 3.419
8.969 3.396
8.979 3.373
8.989 3.351
8.999 3.328
9.009 3.306
9.019 3.284
9.029 3.262
9.039 3.24
9.049 3.218
9.059 3.197
9.069 3.175
9.079 3.154
9.089 3.133
9.099 3.112
9.109 3.091
9.119 3.07
9.129 3.05
9.139 3.029
9.149 3.009
9.159 2.989
9.169 2.968
9.179 2.949
9.189 2.929
9.199 2.909
9.209 2.889
9.219 2.87
9.229 2.851
9.239 2.832
9.249 2.812
9.259 2.794
9.269 2.775
9.279 2.756
9.289 2.737
9.299 2.719
9.309 2.701
9.319 2.682
9.329 2.664
9.339 2.646
9.349 2.629
9.359 2.611
9.369 2.593
9.379 2.576
9.389 2.558
9.399 2.541
9.409 2.524
9.419 2.507
9.429 2.49
9.439 2.473
9.449 2.456
9.459 2.44
9.469 2.423
9.479 2.407
9.489 2.391
9.499 2.374
9.509 2.358
9.519 2.342
9.529 2.326
9.539 2.311
9.549 2.295
9.559 2.279
9.569 2.264
9.579 2.249
9.589 2.233
9.599 2.218
9.609 2.203
9.619 2.188
9.629 2.173
9.639 2.159
9.649 2.144
9.659 2.13
9.669 2.115
9.679 2.101
9.689 2.086
9.699 2.072
9.709 2.058
9.719 2.044
9.729 2.03
9.739 2.017
9.749 2.003
9.759 1.989
9.769 1.976
9.779 1.962
9.789 1.949
9.799 1.936
9.809 1.922
9.819 1.909
9.829 1.896
9.839 1.884
9.849 1.871
9.859 1.858
9.869 1.845
9.879 1.833
9.889 1.82
9.899 1.808
9.909 1.796
9.919 1.783
9.929 1.771
9.939 1.759
9.949 1.747
9.959 1.735
9.969 1.723
9.979 1.712
9.989 1.7
9.999 1.688
