0 1
0.014 1.015
0.028 1.029
0.041 1.044
0.055 1.059
0.069 1.075
0.083 1.09
0.097 1.106
0.111 1.122
0.124 1.138
0.138 1.155
0.152 1.172
0.166 1.189
0.18 1.206
0.194 1.223
0.207 1.241
0.221 1.259
0.235 1.277
0.249 1.296
0.263 1.314
0.277 1.333
0.29 1.353
0.304 1.372
0.318 1.392
0.332 1.412
0.346 1.433
0.36 1.453
0.373 1.475
0.387 1.496
0.401 1.517
0.415 1.539
0.429 1.562
0.443 1.584
0.456 1.607
0.47 1.63
0.484 1.654
0.498 1.678
0.512 1.702
0.526 1.727
0.539 1.752
0.553 1.777
0.567 1.803
0.581 1.829
0.595 1.855
0.609 1.882
0.622 1.909
0.636 1.937
0.65 1.965
0.664 1.993
0.678 2.022
0.692 2.051
0.705 2.08
0.719 2.11
0.733 2.141
0.747 2.172
0.761 2.203
0.775 2.235
0.788 2.267
0.802 2.3
0.816 2.333
0.83 2.366
0.844 2.4
0.858 2.435
0.871 2.47
0.885 2.506
0.899 2.542
0.913 2.578
0.927 2.615
0.941 2.653
0.954 2.691
0.968 2.73
0.982 2.769
0.996 2.809
1.01 2.849
1.024 2.89
1.037 2.931
1.051 2.974
1.065 3.016
1.079 3.059
1.093 3.103
1.107 3.148
1.12 3.193
1.134 3.239
1.148 3.285
1.162 3.332
1.176 3.38
1.19 3.428
1.203 3.478
1.217 3.527
1.231 3.578
1.245 3.629
1.259 3.681
1.273 3.733
1.286 3.787
1.3 3.841
1.314 3.896
1.328 3.951
1.342 4.008
1.356 4.065
1.369 4.123
1.383 4.182
1.397 4.242
1.411 4.302
1.425 4.363
1.439 4.425
1.452 4.489
1.466 4.552
1.48 4.617
1.494 4.683
1.508 4.749
1.522 4.817
1.535 4.885
1.549 4.955
1.563 5.025
1.577 5.097
1.591 5.169
1.604 5.242
1.618 5.317
1.632 5.392
1.646 5.468
1.66 5.546
1.674 5.624
1.687 5.704
1.701 5.784
1.715 5.866
1.729 5.949
1.743 6.033
1.757 6.118
1.77 6.205
1.784 6.292
1.798 6.381
1.812 6.471
1.826 6.562
1.84 6.654
1.853 6.748
1.867 6.843
1.881 6.939
1.895 7.036
1.909 7.135
1.923 7.235
1.936 7.337
1.95 7.44
1.964 7.544
1.978 7.65
1.992 7.757
2.006 7.865
2.019 7.975
2.033 8.086
2.047 8.199
2.061 8.314
2.075 8.43
2.089 8.547
2.102 8.666
2.116 8.787
2.13 8.909
2.144 9.033
2.158 9.158
2.172 9.285
2.185 9.414
2.199 9.544
2.213 9.676
2.227 9.81
2.241 9.946
2.255 10.083
2.268 10.222
2.282 10.363
2.296 10.506
2.31 10.651
2.324 10.798
2.338 10.946
2.351 11.096
2.365 11.249
2.379 11.403
2.393 11.559
2.407 11.717
2.421 11.878
2.434 12.04
2.448 12.204
2.462 12.371
2.476 12.539
2.49 12.71
2.504 12.883
2.517 13.058
2.531 13.235
2.545 13.415
2.559 13.596
2.573 13.78
2.587 13.966
2.6 14.155
2.614 14.346
2.628 14.539
2.642 14.735
2.656 14.933
2.67 15.133
2.683 15.336
2.697 15.541
2.711 15.749
2.725 15.96
2.739 16.173
2.753 16.388
2.766 16.606
2.78 16.827
2.794 17.05
2.808 17.277
2.822 17.505
2.836 17.737
2.849 17.971
2.863 18.208
2.877 18.447
2.891 18.69
2.905 18.935
2.919 19.183
2.932 19.434
2.946 19.688
2.96 19.945
2.974 20.205
2.988 20.468
3.002 20.734
3.015 21.002
3.029 21.274
3.043 21.549
3.057 21.827
3.071 22.108
3.085 22.392
3.098 22.679
3.112 22.97
3.126 23.263
3.14 23.56
3.154 23.86
3.168 24.164
3.181 24.47
3.195 24.78
3.209 25.093
3.223 25.409
3.237 25.729
3.25 26.052
3.264 26.379
3.278 26.709
3.292 27.042
3.306 27.379
3.32 27.719
3.333 28.063
3.347 28.41
3.361 28.76
3.375 29.114
3.389 29.472
3.403 29.833
3.416 30.197
3.43 30.566
3.444 30.937
3.458 31.313
3.472 31.691
3.486 32.074
3.499 32.46
3.513 32.85
3.527 33.243
3.541 33.64
3.555 34.04
3.569 34.444
3.582 34.852
3.596 35.263
3.61 35.679
3.624 36.097
3.638 36.519
3.652 36.945
3.665 37.375
3.679 37.808
3.693 38.245
3.707 38.685
3.721 39.129
3.735 39.577
3.748 40.028
3.762 40.483
3.776 40.942
3.79 41.404
3.804 41.869
3.818 42.339
3.831 42.811
3.845 43.288
3.859 43.767
3.873 44.251
3.887 44.737
3.901 45.227
3.914 45.721
3.928 46.218
3.942 46.718
3.956 47.222
3.97 47.729
3.984 48.239
3.997 48.753
4.011 49.27
4.025 49.79
4.039 50.313
4.053 50.84
4.067 51.369
4.08 51.902
4.094 52.437
4.108 52.976
4.122 53.517
4.136 54.062
4.15 54.609
4.163 55.159
4.177 55.712
4.191 56.268
4.205 56.826
4.219 57.387
4.233 57.95
4.246 58.516
4.26 59.084
4.274 59.655
4.288 60.228
4.302 60.803
4.316 61.38
4.329 61.96
4.343 62.542
4.357 63.125
4.371 63.711
4.385 64.298
4.399 64.887
4.412 65.478
4.426 66.07
4.44 66.664
4.454 67.26
4.468 67.857
4.482 68.455
4.495 69.054
4.509 69.654
4.523 70.256
4.537 70.858
4.551 71.462
4.565 72.066
4.578 72.671
4.592 73.276
4.606 73.882
4.62 74.488
4.634 75.095
4.648 75.702
4.661 76.308
4.675 76.915
4.689 77.522
4.703 78.129
4.717 78.735
4.731 79.341
4.744 79.946
4.758 80.551
4.772 81.155
4.786 81.758
4.8 82.361
4.813 82.962
4.827 83.562
4.841 84.16
4.855 84.758
4.869 85.354
4.883 85.948
4.896 86.54
4.91 87.131
4.924 87.72
4.938 88.307
4.952 88.891
4.966 89.473
4.979 90.053
4.993 90.63
5.007 91.205
5.021 91.777
5.035 92.346
5.049 92.911
5.062 93.474
5.076 94.034
5.09 94.59
5.104 95.143
5.118 95.692
5.132 96.238
5.145 96.78
5.159 97.318
5.173 97.852
5.187 98.381
5.201 98.907
5.215 99.428
5.228 99.945
5.242 100.457
5.256 100.964
5.27 101.467
5.284 101.965
5.298 102.458
5.311 102.946
5.325 103.428
5.339 103.905
5.353 104.377
5.367 104.844
5.381 105.305
5.394 105.76
5.408 106.209
5.422 106.653
5.436 107.09
5.45 107.522
5.464 107.947
5.477 108.366
5.491 108.779
5.505 109.185
5.519 109.585
5.533 109.979
5.547 110.366
5.56 110.746
5.574 111.119
5.588 111.486
5.602 111.846
5.616 112.198
5.63 112.544
5.643 112.883
5.657 113.214
5.671 113.538
5.685 113.855
5.699 114.165
5.713 114.467
5.726 114.762
5.74 115.049
5.754 115.329
5.768 115.601
5.782 115.866
5.796 116.123
5.809 116.373
5.823 116.614
5.837 116.848
5.851 117.074
5.865 117.293
5.879 117.503
5.892 117.706
5.906 117.901
5.92 118.088
5.934 118.267
5.948 118.439
5.962 118.602
5.975 118.757
5.989 118.905
6.003 119.044
6.017 119.176
6.031 119.3
6.045 119.416
6.058 119.524
6.072 119.624
6.086 119.716
6.1 119.8
6.114 119.876
6.128 119.945
6.141 120.005
6.155 120.058
6.169 120.103
6.183 120.14
6.197 120.17
6.211 120.191
6.224 120.205
6.238 120.212
6.252 120.21
6.266 120.202
6.28 120.185
6.294 120.161
6.307 120.13
6.321 120.091
6.335 120.045
6.349 119.991
6.363 119.93
6.377 119.862
6.39 119.787
6.404 119.704
6.418 119.615
6.432 119.518
6.446 119.414
6.459 119.304
6.473 119.186
6.487 119.062
6.501 118.931
6.515 118.793
6.529 118.649
6.542 118.498
6.556 118.34
6.57 118.176
6.584 118.006
6.598 117.829
6.612 117.646
6.625 117.457
6.639 117.262
6.653 117.061
6.667 116.854
6.681 116.641
6.695 116.422
6.708 116.197
6.722 115.967
6.736 115.731
6.75 115.49
6.764 115.243
6.778 114.991
6.791 114.733
6.805 114.47
6.819 114.203
6.833 113.93
6.847 113.652
6.861 113.369
6.874 113.081
6.888 112.789
6.902 112.492
6.916 112.19
6.93 111.884
6.944 111.573
6.957 111.258
6.971 110.938
6.985 110.615
6.999 110.287
7.013 109.956
7.027 109.62
7.04 109.28
7.054 108.937
7.068 108.59
7.082 108.239
7.096 107.884
7.11 107.527
7.123 107.165
7.137 106.801
7.151 106.433
7.165 106.061
7.179 105.687
7.193 105.31
7.206 104.929
7.22 104.546
7.234 104.16
7.248 103.771
7.262 103.38
7.276 102.986
7.289 102.589
7.303 102.19
7.317 101.789
7.331 101.385
7.345 100.979
7.359 100.571
7.372 100.16
7.386 99.748
7.4 99.334
7.414 98.917
7.428 98.499
7.442 98.079
7.455 97.658
7.469 97.235
7.483 96.81
7.497 96.384
7.511 95.956
7.525 95.527
7.538 95.096
7.552 94.665
7.566 94.232
7.58 93.798
7.594 93.363
7.608 92.926
7.621 92.489
7.635 92.051
7.649 91.612
7.663 91.173
7.677 90.732
7.691 90.291
7.704 89.849
7.718 89.407
7.732 88.964
7.746 88.521
7.76 88.077
7.774 87.633
7.787 87.189
7.801 86.744
7.815 86.299
7.829 85.854
7.843 85.409
7.857 84.963
7.87 84.518
7.884 84.073
7.898 83.627
7.912 83.182
7.926 82.737
7.94 82.292
7.953 81.847
7.967 81.403
7.981 80.959
7.995 80.515
8.009 80.071
8.022 79.628
8.036 79.186
8.05 78.744
8.064 78.302
8.078 77.861
8.092 77.421
8.105 76.981
8.119 76.542
8.133 76.104
8.147 75.666
8.161 75.229
8.175 74.793
8.188 74.358
8.202 73.923
8.216 73.49
8.23 73.057
8.244 72.625
8.258 72.195
8.271 71.765
8.285 71.336
8.299 70.909
8.313 70.482
8.327 70.056
8.341 69.632
8.354 69.209
8.368 68.787
8.382 68.366
8.396 67.946
8.41 67.527
8.424 67.11
8.437 66.694
8.451 66.28
8.465 65.866
8.479 65.454
8.493 65.043
8.507 64.634
8.52 64.226
8.534 63.82
8.548 63.414
8.562 63.011
8.576 62.608
8.59 62.208
8.603 61.808
8.617 61.41
8.631 61.014
8.645 60.619
8.659 60.226
8.673 59.834
8.686 59.444
8.7 59.055
8.714 58.668
8.728 58.283
8.742 57.899
8.756 57.517
8.769 57.136
8.783 56.757
8.797 56.38
8.811 56.004
8.825 55.63
8.839 55.257
8.852 54.886
8.866 54.517
8.88 54.15
8.894 53.784
8.908 53.42
8.922 53.058
8.935 52.697
8.949 52.338
8.963 51.981
8.977 51.625
8.991 51.272
9.005 50.92
9.018 50.569
9.032 50.221
9.046 49.874
9.06 49.529
9.074 49.185
9.088 48.844
9.101 48.504
9.115 48.166
9.129 47.829
9.143 47.495
9.157 47.162
9.171 46.831
9.184 46.501
9.198 46.174
9.212 45.848
9.226 45.524
9.24 45.202
9.254 44.881
9.267 44.562
9.281 44.245
9.295 43.93
9.309 43.616
9.323 43.305
9.337 42.995
9.35 42.686
9.364 42.38
9.378 42.075
9.392 41.772
9.406 41.471
9.42 41.171
9.433 40.873
9.447 40.577
9.461 40.283
9.475 39.99
9.489 39.7
9.503 39.41
9.516 39.123
9.53 38.837
9.544 38.553
9.558 38.271
9.572 37.99
9.585 37.711
9.599 37.434
9.613 37.159
9.627 36.885
9.641 36.613
9.655 36.342
9.668 36.074
9.682 35.806
9.696 35.541
9.71 35.277
9.724 35.015
9.738 34.755
9.751 34.496
9.765 34.239
9.779 33.983
9.793 33.729
9.807 33.477
9.821 33.226
9.834 32.977
9.848 32.73
9.862 32.484
9.876 32.239
9.89 31.997
9.904 31.756
9.917 31.516
9.931 31.278
9.945 31.042
9.959 30.807
9.973 30.574
9.987 30.342
10 30.112
10.014 29.883
10.028 29.656
10.042 29.43
10.056 29.206
10.07 28.983
10.083 28.762
10.097 28.543
10.111 28.325
10.125 28.108
10.139 27.893
10.153 27.679
10.166 27.467
10.18 27.256
10.194 27.046
10.208 26.839
10.222 26.632
10.236 26.427
10.249 26.223
10.263 26.021
10.277 25.82
10.291 25.621
10.305 25.423
10.319 25.226
10.332 25.031
10.346 24.837
10.36 24.644
10.374 24.453
10.388 24.263
10.402 24.074
10.415 23.887
10.429 23.701
10.443 23.517
10.457 23.334
10.471 23.152
10.485 22.971
10.498 22.792
10.512 22.613
10.526 22.437
10.54 22.261
10.554 22.087
10.568 21.914
10.581 21.742
10.595 21.571
10.609 21.402
10.623 21.234
10.637 21.067
10.651 20.901
10.664 20.737
10.678 20.574
10.692 20.412
10.706 20.251
10.72 20.091
10.734 19.933
10.747 19.775
10.761 19.619
10.775 19.464
10.789 19.31
10.803 19.157
10.817 19.005
10.83 18.855
10.844 18.705
10.858 18.557
10.872 18.41
10.886 18.264
10.9 18.119
10.913 17.975
10.927 17.832
10.941 17.69
10.955 17.549
10.969 17.409
10.983 17.271
10.996 17.133
11.01 16.996
11.024 16.861
11.038 16.726
11.052 16.593
11.066 16.46
11.079 16.328
11.093 16.198
11.107 16.068
11.121 15.94
11.135 15.812
11.149 15.685
11.162 15.56
11.176 15.435
11.19 15.311
11.204 15.188
11.218 15.066
11.231 14.945
11.245 14.825
11.259 14.706
11.273 14.588
11.287 14.47
11.301 14.354
11.314 14.238
11.328 14.124
11.342 14.01
11.356 13.897
11.37 13.785
11.384 13.674
11.397 13.564
11.411 13.454
11.425 13.345
11.439 13.238
11.453 13.131
11.467 13.024
11.48 12.919
11.494 12.815
11.508 12.711
11.522 12.608
11.536 12.506
11.55 12.405
11.563 12.304
11.577 12.204
11.591 12.105
11.605 12.007
11.619 11.91
11.633 11.813
11.646 11.717
11.66 11.622
11.674 11.528
11.688 11.434
11.702 11.341
11.716 11.249
11.729 11.157
11.743 11.067
11.757 10.977
11.771 10.887
11.785 10.799
11.799 10.711
11.812 10.623
11.826 10.537
11.84 10.451
11.854 10.366
11.868 10.281
11.882 10.197
11.895 10.114
11.909 10.031
11.923 9.95
11.937 9.868
11.951 9.788
11.965 9.708
11.978 9.628
11.992 9.55
12.006 9.471
12.02 9.394
12.034 9.317
12.048 9.241
12.061 9.165
12.075 9.09
12.089 9.016
12.103 8.942
12.117 8.869
12.131 8.796
12.144 8.724
12.158 8.652
12.172 8.581
12.186 8.511
12.2 8.441
12.214 8.372
12.227 8.303
12.241 8.235
12.255 8.167
12.269 8.1
12.283 8.034
12.297 7.968
12.31 7.902
12.324 7.837
12.338 7.773
12.352 7.709
12.366 7.645
12.38 7.583
12.393 7.52
12.407 7.458
12.421 7.397
12.435 7.336
12.449 7.276
12.463 7.216
12.476 7.156
12.49 7.097
12.504 7.039
12.518 6.981
12.532 6.923
12.546 6.866
12.559 6.809
12.573 6.753
12.587 6.698
12.601 6.642
12.615 6.587
12.629 6.533
12.642 6.479
12.656 6.426
12.67 6.373
12.684 6.32
12.698 6.268
12.712 6.216
12.725 6.165
12.739 6.114
12.753 6.063
12.767 6.013
12.781 5.963
12.794 5.914
12.808 5.865
12.822 5.816
12.836 5.768
12.85 5.721
12.864 5.673
12.877 5.626
12.891 5.58
12.905 5.534
12.919 5.488
12.933 5.442
12.947 5.397
12.96 5.352
12.974 5.308
12.988 5.264
13.002 5.221
13.016 5.177
13.03 5.134
13.043 5.092
13.057 5.05
13.071 5.008
13.085 4.966
13.099 4.925
13.113 4.884
13.126 4.844
13.14 4.803
13.154 4.763
13.168 4.724
13.182 4.685
13.196 4.646
13.209 4.607
13.223 4.569
13.237 4.531
13.251 4.493
13.265 4.456
13.279 4.419
13.292 4.382
13.306 4.346
13.32 4.31
13.334 4.274
13.348 4.238
13.362 4.203
13.375 4.168
13.389 4.134
13.403 4.099
13.417 4.065
13.431 4.031
13.445 3.998
13.458 3.965
13.472 3.932
13.486 3.899
13.5 3.866
13.514 3.834
13.528 3.802
13.541 3.771
13.555 3.739
13.569 3.708
13.583 3.677
13.597 3.647
13.611 3.616
13.624 3.586
13.638 3.556
13.652 3.527
13.666 3.497
13.68 3.468
13.694 3.439
13.707 3.411
13.721 3.382
13.735 3.354
13.749 3.326
13.763 3.298
13.777 3.271
13.79 3.243
13.804 3.216
13.818 3.19
13.832 3.163
