0 1
0.01 1.012
0.02 1.024
0.03 1.036
0.04 1.048
0.05 1.06
0.06 1.073
0.07 1.085
0.081 1.098
0.091 1.111
0.101 1.124
0.111 1.137
0.121 1.15
0.131 1.164
0.141 1.177
0.151 1.191
0.161 1.205
0.171 1.219
0.181 1.233
0.191 1.247
0.201 1.262
0.211 1.276
0.221 1.291
0.231 1.306
0.242 1.321
0.252 1.336
0.262 1.351
0.272 1.367
0.282 1.382
0.292 1.398
0.302 1.414
0.312 1.43
0.322 1.446
0.332 1.463
0.342 1.479
0.352 1.496
0.362 1.513
0.372 1.53
0.382 1.547
0.392 1.564
0.403 1.582
0.413 1.6
0.423 1.617
0.433 1.635
0.443 1.654
0.453 1.672
0.463 1.691
0.473 1.709
0.483 1.728
0.493 1.747
0.503 1.767
0.513 1.786
0.523 1.806
0.533 1.825
0.543 1.845
0.553 1.865
0.564 1.886
0.574 1.906
0.584 1.927
0.594 1.948
0.604 1.969
0.614 1.99
0.624 2.011
0.634 2.033
0.644 2.055
0.654 2.076
0.664 2.099
0.674 2.121
0.684 2.143
0.694 2.166
0.704 2.189
0.714 2.212
0.725 2.235
0.735 2.258
0.745 2.282
0.755 2.306
0.765 2.33
0.775 2.354
0.785 2.378
0.795 2.403
0.805 2.427
0.815 2.452
0.825 2.477
0.835 2.503
0.845 2.528
0.855 2.554
0.865 2.58
0.875 2.606
0.886 2.632
0.896 2.658
0.906 2.685
0.916 2.711
0.926 2.738
0.936 2.765
0.946 2.793
0.956 2.82
0.966 2.848
0.976 2.876
0.986 2.904
0.996 2.932
1.006 2.96
1.016 2.989
1.026 3.017
1.036 3.046
1.047 3.075
1.057 3.105
1.067 3.134
1.077 3.164
1.087 3.193
1.097 3.223
1.107 3.253
1.117 3.283
1.127 3.314
1.137 3.344
1.147 3.375
1.157 3.406
1.167 3.437
1.177 3.468
1.187 3.499
1.197 3.531
1.208 3.563
1.218 3.594
1.228 3.626
1.238 3.658
1.248 3.69
1.258 3.723
1.268 3.755
1.278 3.788
1.288 3.821
1.298 3.853
1.308 3.886
1.318 3.919
1.328 3.953
1.338 3.986
1.348 4.019
1.358 4.053
1.369 4.087
1.379 4.12
1.389 4.154
1.399 4.188
1.409 4.222
1.419 4.256
1.429 4.291
1.439 4.325
1.449 4.359
1.459 4.394
1.469 4.428
1.479 4.463
1.489 4.498
1.499 4.532
1.509 4.567
1.519 4.602
1.53 4.637
1.54 4.672
1.55 4.707
1.56 4.742
1.57 4.777
1.58 4.812
1.59 4.847
1.6 4.882
1.61 4.917
1.62 4.953
1.63 4.988
1.64 5.023
1.65 5.058
1.66 5.093
1.67 5.128
1.68 5.163
1.691 5.199
1.701 5.234
1.711 5.269
1.721 5.304
1.731 5.339
1.741 5.374
1.751 5.409
1.761 5.443
1.771 5.478
1.781 5.513
1.791 5.548
1.801 5.582
1.811 5.617
1.821 5.651
1.831 5.685
1.841 5.72
1.852 5.754
1.862 5.788
1.872 5.822
1.882 5.856
1.892 5.889
1.902 5.923
1.912 5.956
1.922 5.989
1.932 6.023
1.942 6.056
1.952 6.088
1.962 6.121
1.972 6.154
1.982 6.186
1.992 6.218
2.003 6.25
2.013 6.282
2.023 6.313
2.033 6.345
2.043 6.376
2.053 6.407
2.063 6.438
2.073 6.469
2.083 6.499
2.093 6.529
2.103 6.559
2.113 6.589
2.123 6.618
2.133 6.647
2.143 6.676
2.153 6.705
2.164 6.734
2.174 6.762
2.184 6.79
2.194 6.817
2.204 6.845
2.214 6.872
2.224 6.899
2.234 6.925
2.244 6.951
2.254 6.977
2.264 7.003
2.274 7.028
2.284 7.053
2.294 7.078
2.304 7.102
2.314 7.126
2.325 7.15
2.335 7.173
2.345 7.196
2.355 7.219
2.365 7.241
2.375 7.263
2.385 7.285
2.395 7.306
2.405 7.327
2.415 7.348
2.425 7.368
2.435 7.388
2.445 7.408
2.455 7.427
2.465 7.446
2.475 7.464
2.486 7.482
2.496 7.5
2.506 7.517
2.516 7.534
2.526 7.551
2.536 7.567
2.546 7.582
2.556 7.598
2.566 7.613
2.576 7.627
2.586 7.642
2.596 7.655
2.606 7.669
2.616 7.682
2.626 7.694
2.636 7.706
2.647 7.718
2.657 7.73
2.667 7.74
2.677 7.751
2.687 7.761
2.697 7.771
2.707 7.78
2.717 7.789
2.727 7.798
2.737 7.806
2.747 7.814
2.757 7.821
2.767 7.828
2.777 7.834
2.787 7.84
2.797 7.846
2.808 7.851
2.818 7.856
2.828 7.86
2.838 7.864
2.848 7.868
2.858 7.871
2.868 7.874
2.878 7.877
2.888 7.879
2.898 7.88
2.908 7.881
2.918 7.882
2.928 7.883
2.938 7.883
2.948 7.882
2.958 7.882
2.969 7.88
2.979 7.879
2.989 7.877
2.999 7.875
3.009 7.872
3.019 7.869
3.029 7.866
3.039 7.862
3.049 7.858
3.059 7.853
3.069 7.848
3.079 7.843
3.089 7.837
3.099 7.831
3.109 7.825
3.119 7.818
3.13 7.811
3.14 7.804
3.15 7.796
3.16 7.788
3.17 7.779
3.18 7.77
3.19 7.761
3.2 7.752
3.21 7.742
3.22 7.732
3.23 7.721
3.24 7.711
3.25 7.699
3.26 7.688
3.27 7.676
3.28 7.664
3.291 7.652
3.301 7.639
3.311 7.626
3.321 7.613
3.331 7.599
3.341 7.586
3.351 7.572
3.361 7.557
3.371 7.542
3.381 7.528
3.391 7.512
3.401 7.497
3.411 7.481
3.421 7.465
3.431 7.449
3.441 7.432
3.452 7.415
3.462 7.398
3.472 7.381
3.482 7.364
3.492 7.346
3.502 7.328
3.512 7.31
3.522 7.291
3.532 7.273
3.542 7.254
3.552 7.235
3.562 7.215
3.572 7.196
3.582 7.176
3.592 7.156
3.602 7.136
3.613 7.116
3.623 7.095
3.633 7.075
3.643 7.054
3.653 7.033
3.663 7.012
3.673 6.99
3.683 6.969
3.693 6.947
3.703 6.925
3.713 6.903
3.723 6.881
3.733 6.858
3.743 6.836
3.753 6.813
3.763 6.791
3.774 6.768
3.784 6.745
3.794 6.721
3.804 6.698
3.814 6.675
3.824 6.651
3.834 6.627
3.844 6.604
3.854 6.58
3.864 6.556
3.874 6.532
3.884 6.507
3.894 6.483
3.904 6.459
3.914 6.434
3.925 6.41
3.935 6.385
3.945 6.36
3.955 6.335
3.965 6.311
3.975 6.286
3.985 6.26
3.995 6.235
4.005 6.21
4.015 6.185
4.025 6.16
4.035 6.134
4.045 6.109
4.055 6.083
4.065 6.058
4.075 6.032
4.086 6.006
4.096 5.981
4.106 5.955
4.116 5.929
4.126 5.904
4.136 5.878
4.146 5.852
4.156 5.826
4.166 5.8
4.176 5.774
4.186 5.748
4.196 5.722
4.206 5.696
4.216 5.67
4.226 5.644
4.236 5.618
4.247 5.592
4.257 5.566
4.267 5.54
4.277 5.514
4.287 5.488
4.297 5.462
4.307 5.436
4.317 5.41
4.327 5.384
4.337 5.358
4.347 5.332
4.357 5.306
4.367 5.281
4.377 5.255
4.387 5.229
4.397 5.203
4.408 5.177
4.418 5.151
4.428 5.125
4.438 5.1
4.448 5.074
4.458 5.048
4.468 5.023
4.478 4.997
4.488 4.971
4.498 4.946
4.508 4.92
4.518 4.895
4.528 4.869
4.538 4.844
4.548 4.819
4.558 4.793
4.569 4.768
4.579 4.743
4.589 4.718
4.599 4.693
4.609 4.668
4.619 4.643
4.629 4.618
4.639 4.593
4.649 4.568
4.659 4.543
4.669 4.519
4.679 4.494
4.689 4.469
4.699 4.445
4.709 4.42
4.719 4.396
4.73 4.372
4.74 4.348
4.75 4.323
4.76 4.299
4.77 4.275
4.78 4.251
4.79 4.227
4.8 4.204
4.81 4.18
4.82 4.156
4.83 4.132
4.84 4.109
4.85 4.085
4.86 4.062
4.87 4.039
4.88 4.016
4.891 3.992
4.901 3.969
4.911 3.946
4.921 3.923
4.931 3.901
4.941 3.878
4.951 3.855
4.961 3.833
4.971 3.81
4.981 3.788
4.991 3.765
5.001 3.743
5.011 3.721
5.021 3.699
5.031 3.677
5.041 3.655
5.052 3.633
5.062 3.611
5.072 3.59
5.082 3.568
5.092 3.547
5.102 3.525
5.112 3.504
5.122 3.483
5.132 3.462
5.142 3.441
5.152 3.42
5.162 3.399
5.172 3.378
5.182 3.357
5.192 3.337
5.202 3.316
5.213 3.296
5.223 3.276
5.233 3.255
5.243 3.235
5.253 3.215
5.263 3.195
5.273 3.175
5.283 3.156
5.293 3.136
5.303 3.116
5.313 3.097
5.323 3.078
5.333 3.058
5.343 3.039
5.353 3.02
5.363 3.001
5.374 2.982
5.384 2.963
5.394 2.944
5.404 2.926
5.414 2.907
5.424 2.889
5.434 2.87
5.444 2.852
5.454 2.834
5.464 2.815
5.474 2.797
5.484 2.78
5.494 2.762
5.504 2.744
5.514 2.726
5.524 2.709
5.535 2.691
5.545 2.674
5.555 2.656
5.565 2.639
5.575 2.622
5.585 2.605
5.595 2.588
5.605 2.571
5.615 2.555
5.625 2.538
5.635 2.521
5.645 2.505
5.655 2.488
5.665 2.472
5.675 2.456
5.685 2.44
5.696 2.424
5.706 2.408
5.716 2.392
5.726 2.376
5.736 2.36
5.746 2.345
5.756 2.329
5.766 2.314
5.776 2.298
5.786 2.283
5.796 2.268
5.806 2.253
5.816 2.238
5.826 2.223
5.836 2.208
5.847 2.193
5.857 2.179
5.867 2.164
5.877 2.15
5.887 2.135
5.897 2.121
5.907 2.107
5.917 2.092
5.927 2.078
5.937 2.064
5.947 2.05
5.957 2.036
5.967 2.023
5.977 2.009
5.987 1.995
5.997 1.982
6.008 1.968
6.018 1.955
6.028 1.942
6.038 1.929
6.048 1.915
6.058 1.902
6.068 1.889
6.078 1.877
6.088 1.864
6.098 1.851
6.108 1.838
6.118 1.826
6.128 1.813
6.138 1.801
6.148 1.789
6.158 1.776
6.169 1.764
6.179 1.752
6.189 1.74
6.199 1.728
6.209 1.716
6.219 1.704
6.229 1.692
6.239 1.681
6.249 1.669
6.259 1.658
6.269 1.646
6.279 1.635
6.289 1.623
6.299 1.612
6.309 1.601
6.319 1.59
6.33 1.579
6.34 1.568
6.35 1.557
6.36 1.546
6.37 1.535
6.38 1.525
6.39 1.514
6.4 1.503
6.41 1.493
6.42 1.483
6.43 1.472
6.44 1.462
6.45 1.452
6.46 1.441
6.47 1.431
6.48 1.421
6.491 1.411
6.501 1.401
6.511 1.392
6.521 1.382
6.531 1.372
6.541 1.363
6.551 1.353
6.561 1.343
6.571 1.334
6.581 1.325
6.591 1.315
6.601 1.306
6.611 1.297
6.621 1.288
6.631 1.278
6.641 1.269
6.652 1.26
6.662 1.252
6.672 1.243
6.682 1.234
6.692 1.225
6.702 1.216
6.712 1.208
6.722 1.199
6.732 1.191
6.742 1.182
6.752 1.174
6.762 1.166
6.772 1.157
6.782 1.149
6.792 1.141
6.802 1.133
6.813 1.125
6.823 1.117
6.833 1.109
6.843 1.101
6.853 1.093
6.863 1.085
6.873 1.077
6.883 1.07
6.893 1.062
6.903 1.054
6.913 1.047
6.923 1.039
6.933 1.032
6.943 1.024
6.953 1.017
6.963 1.01
6.974 1.003
6.984 0.995
6.994 0.988
7.004 0.981
7.014 0.974
7.024 0.967
7.034 0.96
7.044 0.953
7.054 0.946
7.064 0.94
7.074 0.933
7.084 0.926
7.094 0.919
7.104 0.913
7.114 0.906
7.124 0.9
7.135 0.893
7.145 0.887
7.155 0.88
7.165 0.874
7.175 0.868
7.185 0.861
7.195 0.855
7.205 0.849
7.215 0.843
7.225 0.837
7.235 0.831
7.245 0.825
7.255 0.819
7.265 0.813
7.275 0.807
7.285 0.801
7.296 0.795
7.306 0.79
7.316 0.784
7.326 0.778
7.336 0.772
7.346 0.767
7.356 0.761
7.366 0.756
7.376 0.75
7.386 0.745
7.396 0.739
7.406 0.734
7.416 0.729
7.426 0.723
7.436 0.718
7.446 0.713
7.457 0.708
7.467 0.703
7.477 0.697
7.487 0.692
7.497 0.687
7.507 0.682
7.517 0.677
7.527 0.672
7.537 0.667
7.547 0.663
7.557 0.658
7.567 0.653
7.577 0.648
7.587 0.643
7.597 0.639
7.607 0.634
7.618 0.629
7.628 0.625
7.638 0.62
7.648 0.616
7.658 0.611
7.668 0.607
7.678 0.602
7.688 0.598
7.698 0.594
7.708 0.589
7.718 0.585
7.728 0.581
7.738 0.576
7.748 0.572
7.758 0.568
7.769 0.564
7.779 0.56
7.789 0.556
7.799 0.551
7.809 0.547
7.819 0.543
7.829 0.539
7.839 0.535
7.849 0.531
7.859 0.528
7.869 0.524
7.879 0.52
7.889 0.516
7.899 0.512
7.909 0.508
7.919 0.505
7.93 0.501
7.94 0.497
7.95 0.494
7.96 0.49
7.97 0.486
7.98 0.483
7.99 0.479
8 0.476
8.01 0.472
8.02 0.469
8.03 0.465
8.04 0.462
8.05 0.458
8.06 0.455
8.07 0.452
8.08 0.448
8.091 0.445
8.101 0.442
8.111 0.439
8.121 0.435
8.131 0.432
8.141 0.429
8.151 0.426
8.161 0.423
8.171 0.42
8.181 0.416
8.191 0.413
8.201 0.41
8.211 0.407
8.221 0.404
8.231 0.401
8.241 0.398
8.252 0.395
8.262 0.392
8.272 0.39
8.282 0.387
8.292 0.384
8.302 0.381
8.312 0.378
8.322 0.375
8.332 0.373
8.342 0.37
8.352 0.367
8.362 0.364
8.372 0.362
8.382 0.359
8.392 0.356
8.402 0.354
8.413 0.351
8.423 0.348
8.433 0.346
8.443 0.343
8.453 0.341
8.463 0.338
8.473 0.336
8.483 0.333
8.493 0.331
8.503 0.328
8.513 0.326
8.523 0.323
8.533 0.321
8.543 0.319
8.553 0.316
8.563 0.314
8.574 0.312
8.584 0.309
8.594 0.307
8.604 0.305
8.614 0.302
8.624 0.3
8.634 0.298
8.644 0.296
8.654 0.294
8.664 0.291
8.674 0.289
8.684 0.287
8.694 0.285
8.704 0.283
8.714 0.281
8.724 0.279
8.735 0.277
8.745 0.275
8.755 0.272
8.765 0.27
8.775 0.268
8.785 0.266
8.795 0.264
8.805 0.262
8.815 0.261
8.825 0.259
8.835 0.257
8.845 0.255
8.855 0.253
8.865 0.251
8.875 0.249
8.885 0.247
8.896 0.245
8.906 0.244
8.916 0.242
8.926 0.24
8.936 0.238
8.946 0.236
8.956 0.235
8.966 0.233
8.976 0.231
8.986 0.229
8.996 0.228
9.006 0.226
9.016 0.224
9.026 0.223
9.036 0.221
9.046 0.219
9.057 0.218
9.067 0.216
9.077 0.214
9.087 0.213
9.097 0.211
9.107 0.21
9.117 0.208
9.127 0.207
9.137 0.205
9.147 0.204
9.157 0.202
9.167 0.201
9.177 0.199
9.187 0.198
9.197 0.196
9.207 0.195
9.218 0.193
9.228 0.192
9.238 0.19
9.248 0.189
9.258 0.187
9.268 0.186
9.278 0.185
9.288 0.183
9.298 0.182
9.308 0.181
9.318 0.179
9.328 0.178
9.338 0.177
9.348 0.175
9.358 0.174
9.368 0.173
9.379 0.171
9.389 0.17
9.399 0.169
9.409 0.168
9.419 0.166
9.429 0.165
9.439 0.164
9.449 0.163
9.459 0.161
9.469 0.16
9.479 0.159
9.489 0.158
9.499 0.157
9.509 0.155
9.519 0.154
9.529 0.153
9.54 0.152
9.55 0.151
9.56 0.15
9.57 0.149
9.58 0.147
9.59 0.146
9.6 0.145
9.61 0.144
9.62 0.143
9.63 0.142
9.64 0.141
9.65 0.14
9.66 0.139
9.67 0.138
9.68 0.137
9.691 0.136
9.701 0.135
9.711 0.134
9.721 0.133
9.731 0.132
9.741 0.131
9.751 0.13
9.761 0.129
9.771 0.128
9.781 0.127
9.791 0.126
9.801 0.125
9.811 0.124
9.821 0.123
9.831 0.122
9.841 0.121
9.852 0.12
9.862 0.119
9.872 0.119
9.882 0.118
9.892 0.117
9.902 0.116
9.912 0.115
9.922 0.114
9.932 0.113
9.942 0.112
9.952 0.112
9.962 0.111
9.972 0.11
9.982 0.109
9.992 0.108
10.002 0.108
10.013 0.107
10.023 0.106
10.033 0.105
10.043 0.104
10.053 0.104
10.063 0.103
