0 1
0.016 1.018
0.031 1.036
0.047 1.054
0.062 1.073
0.078 1.092
0.093 1.112
0.109 1.131
0.124 1.152
0.14 1.172
0.156 1.193
0.171 1.214
0.187 1.236
0.202 1.258
0.218 1.28
0.233 1.303
0.249 1.326
0.264 1.349
0.28 1.373
0.296 1.398
0.311 1.423
0.327 1.448
0.342 1.474
0.358 1.5
0.373 1.526
0.389 1.553
0.404 1.581
0.42 1.609
0.435 1.637
0.451 1.666
0.467 1.696
0.482 1.726
0.498 1.756
0.513 1.788
0.529 1.819
0.544 1.851
0.56 1.884
0.575 1.917
0.591 1.951
0.607 1.986
0.622 2.021
0.638 2.057
0.653 2.093
0.669 2.13
0.684 2.167
0.7 2.206
0.715 2.245
0.731 2.284
0.747 2.324
0.762 2.365
0.778 2.407
0.793 2.449
0.809 2.492
0.824 2.536
0.84 2.581
0.855 2.626
0.871 2.672
0.887 2.719
0.902 2.767
0.918 2.816
0.933 2.865
0.949 2.915
0.964 2.966
0.98 3.018
0.995 3.071
1.011 3.125
1.027 3.18
1.042 3.235
1.058 3.292
1.073 3.349
1.089 3.408
1.104 3.467
1.12 3.528
1.135 3.589
1.151 3.652
1.166 3.715
1.182 3.78
1.198 3.846
1.213 3.913
1.229 3.981
1.244 4.05
1.26 4.12
1.275 4.192
1.291 4.264
1.306 4.338
1.322 4.413
1.338 4.49
1.353 4.567
1.369 4.646
1.384 4.727
1.4 4.808
1.415 4.891
1.431 4.976
1.446 5.061
1.462 5.148
1.478 5.237
1.493 5.327
1.509 5.418
1.524 5.511
1.54 5.606
1.555 5.702
1.571 5.8
1.586 5.899
1.602 6
1.618 6.102
1.633 6.206
1.649 6.312
1.664 6.419
1.68 6.528
1.695 6.639
1.711 6.752
1.726 6.867
1.742 6.983
1.758 7.101
1.773 7.221
1.789 7.343
1.804 7.467
1.82 7.593
1.835 7.721
1.851 7.851
1.866 7.983
1.882 8.117
1.898 8.253
1.913 8.391
1.929 8.531
1.944 8.673
1.96 8.818
1.975 8.965
1.991 9.114
2.006 9.265
2.022 9.419
2.037 9.575
2.053 9.733
2.069 9.894
2.084 10.057
2.1 10.223
2.115 10.391
2.131 10.561
2.146 10.735
2.162 10.91
2.177 11.088
2.193 11.269
2.209 11.453
2.224 11.639
2.24 11.828
2.255 12.019
2.271 12.214
2.286 12.411
2.302 12.611
2.317 12.813
2.333 13.019
2.349 13.228
2.364 13.439
2.38 13.653
2.395 13.871
2.411 14.091
2.426 14.314
2.442 14.541
2.457 14.77
2.473 15.003
2.489 15.239
2.504 15.477
2.52 15.719
2.535 15.965
2.551 16.213
2.566 16.465
2.582 16.72
2.597 16.978
2.613 17.24
2.629 17.504
2.644 17.773
2.66 18.044
2.675 18.319
2.691 18.597
2.706 18.879
2.722 19.164
2.737 19.453
2.753 19.745
2.768 20.041
2.784 20.34
2.8 20.642
2.815 20.948
2.831 21.258
2.846 21.571
2.862 21.888
2.877 22.208
2.893 22.531
2.908 22.859
2.924 23.189
2.94 23.524
2.955 23.862
2.971 24.203
2.986 24.548
3.002 24.897
3.017 25.249
3.033 25.604
3.048 25.964
3.064 26.326
3.08 26.692
3.095 27.062
3.111 27.435
3.126 27.812
3.142 28.192
3.157 28.575
3.173 28.962
3.188 29.352
3.204 29.745
3.22 30.142
3.235 30.542
3.251 30.945
3.266 31.352
3.282 31.762
3.297 32.174
3.313 32.59
3.328 33.009
3.344 33.431
3.36 33.856
3.375 34.284
3.391 34.715
3.406 35.148
3.422 35.585
3.437 36.023
3.453 36.465
3.468 36.909
3.484 37.356
3.499 37.805
3.515 38.257
3.531 38.71
3.546 39.166
3.562 39.624
3.577 40.085
3.593 40.547
3.608 41.011
3.624 41.477
3.639 41.945
3.655 42.414
3.671 42.885
3.686 43.357
3.702 43.831
3.717 44.306
3.733 44.782
3.748 45.259
3.764 45.737
3.779 46.216
3.795 46.695
3.811 47.176
3.826 47.656
3.842 48.137
3.857 48.619
3.873 49.1
3.888 49.582
3.904 50.063
3.919 50.545
3.935 51.026
3.951 51.506
3.966 51.986
3.982 52.465
3.997 52.943
4.013 53.421
4.028 53.897
4.044 54.372
4.059 54.845
4.075 55.317
4.091 55.788
4.106 56.256
4.122 56.723
4.137 57.187
4.153 57.65
4.168 58.109
4.184 58.567
4.199 59.022
4.215 59.474
4.23 59.923
4.246 60.369
4.262 60.812
4.277 61.252
4.293 61.688
4.308 62.12
4.324 62.549
4.339 62.974
4.355 63.395
4.37 63.811
4.386 64.224
4.402 64.632
4.417 65.035
4.433 65.434
4.448 65.828
4.464 66.218
4.479 66.602
4.495 66.981
4.51 67.354
4.526 67.722
4.542 68.085
4.557 68.442
4.573 68.794
4.588 69.139
4.604 69.478
4.619 69.812
4.635 70.139
4.65 70.46
4.666 70.775
4.682 71.083
4.697 71.385
4.713 71.68
4.728 71.968
4.744 72.249
4.759 72.524
4.775 72.791
4.79 73.052
4.806 73.305
4.822 73.552
4.837 73.791
4.853 74.022
4.868 74.247
4.884 74.464
4.899 74.673
4.915 74.875
4.93 75.07
4.946 75.257
4.962 75.436
4.977 75.608
4.993 75.772
5.008 75.928
5.024 76.076
5.039 76.217
5.055 76.35
5.07 76.475
5.086 76.593
5.101 76.703
5.117 76.804
5.133 76.898
5.148 76.985
5.164 77.063
5.179 77.134
5.195 77.197
5.21 77.252
5.226 77.3
5.241 77.339
5.257 77.372
5.273 77.396
5.288 77.413
5.304 77.422
5.319 77.424
5.335 77.418
5.35 77.405
5.366 77.385
5.381 77.357
5.397 77.322
5.413 77.279
5.428 77.23
5.444 77.173
5.459 77.109
5.475 77.038
5.49 76.96
5.506 76.875
5.521 76.784
5.537 76.686
5.553 76.581
5.568 76.469
5.584 76.351
5.599 76.226
5.615 76.095
5.63 75.958
5.646 75.815
5.661 75.665
5.677 75.51
5.693 75.348
5.708 75.181
5.724 75.008
5.739 74.829
5.755 74.644
5.77 74.454
5.786 74.259
5.801 74.058
5.817 73.852
5.832 73.641
5.848 73.425
5.864 73.203
5.879 72.977
5.895 72.747
5.91 72.511
5.926 72.271
5.941 72.026
5.957 71.777
5.972 71.524
5.988 71.267
6.004 71.005
6.019 70.74
6.035 70.47
6.05 70.197
6.066 69.92
6.081 69.639
6.097 69.355
6.112 69.068
6.128 68.777
6.144 68.482
6.159 68.185
6.175 67.885
6.19 67.581
6.206 67.275
6.221 66.966
6.237 66.654
6.252 66.34
6.268 66.023
6.284 65.703
6.299 65.382
6.315 65.058
6.33 64.732
6.346 64.403
6.361 64.073
6.377 63.741
6.392 63.407
6.408 63.071
6.424 62.734
6.439 62.395
6.455 62.054
6.47 61.712
6.486 61.369
6.501 61.024
6.517 60.678
6.532 60.331
6.548 59.983
6.563 59.634
6.579 59.284
6.595 58.933
6.61 58.581
6.626 58.229
6.641 57.876
6.657 57.522
6.672 57.168
6.688 56.813
6.703 56.458
6.719 56.103
6.735 55.747
6.75 55.392
6.766 55.036
6.781 54.679
6.797 54.323
6.812 53.967
6.828 53.611
6.843 53.255
6.859 52.899
6.875 52.544
6.89 52.188
6.906 51.834
6.921 51.479
6.937 51.125
6.952 50.771
6.968 50.418
6.983 50.065
6.999 49.713
7.015 49.362
7.03 49.011
7.046 48.661
7.061 48.311
7.077 47.963
7.092 47.615
7.108 47.268
7.123 46.922
7.139 46.577
7.155 46.233
7.17 45.89
7.186 45.548
7.201 45.207
7.217 44.868
7.232 44.529
7.248 44.191
7.263 43.855
7.279 43.52
7.294 43.186
7.31 42.853
7.326 42.522
7.341 42.192
7.357 41.863
7.372 41.536
7.388 41.209
7.403 40.885
7.419 40.562
7.434 40.24
7.45 39.919
7.466 39.6
7.481 39.283
7.497 38.967
7.512 38.653
7.528 38.34
7.543 38.029
7.559 37.719
7.574 37.411
7.59 37.104
7.606 36.799
7.621 36.496
7.637 36.194
7.652 35.894
7.668 35.595
7.683 35.299
7.699 35.003
7.714 34.71
7.73 34.418
7.746 34.128
7.761 33.84
7.777 33.553
7.792 33.268
7.808 32.984
7.823 32.703
7.839 32.423
7.854 32.145
7.87 31.868
7.886 31.594
7.901 31.321
7.917 31.05
7.932 30.78
7.948 30.512
7.963 30.246
7.979 29.982
7.994 29.72
8.01 29.459
8.026 29.2
8.041 28.943
8.057 28.687
8.072 28.433
8.088 28.181
8.103 27.931
8.119 27.683
8.134 27.436
8.15 27.191
8.165 26.947
8.181 26.706
8.197 26.466
8.212 26.228
8.228 25.992
8.243 25.757
8.259 25.524
8.274 25.293
8.29 25.063
8.305 24.835
8.321 24.609
8.337 24.385
8.352 24.162
8.368 23.941
8.383 23.722
8.399 23.504
8.414 23.288
8.43 23.074
8.445 22.861
8.461 22.65
8.477 22.441
8.492 22.233
8.508 22.027
8.523 21.822
8.539 21.619
8.554 21.418
8.57 21.218
8.585 21.02
8.601 20.824
8.617 20.629
8.632 20.436
8.648 20.244
8.663 20.054
8.679 19.865
8.694 19.678
8.71 19.493
8.725 19.309
8.741 19.126
8.757 18.945
8.772 18.766
8.788 18.588
8.803 18.411
8.819 18.236
8.834 18.063
8.85 17.891
8.865 17.72
8.881 17.551
8.896 17.383
8.912 17.217
8.928 17.052
8.943 16.889
8.959 16.727
8.974 16.566
8.99 16.407
9.005 16.249
9.021 16.093
9.036 15.937
9.052 15.784
9.068 15.631
9.083 15.48
9.099 15.33
9.114 15.182
9.13 15.035
9.145 14.889
9.161 14.744
9.176 14.601
9.192 14.459
9.208 14.318
9.223 14.179
9.239 14.041
9.254 13.904
9.27 13.768
9.285 13.633
9.301 13.5
9.316 13.368
9.332 13.237
9.348 13.107
9.363 12.979
9.379 12.851
9.394 12.725
9.41 12.6
9.425 12.476
9.441 12.353
9.456 12.232
9.472 12.111
9.488 11.991
9.503 11.873
9.519 11.756
9.534 11.64
9.55 11.525
9.565 11.411
9.581 11.298
9.596 11.186
9.612 11.075
9.627 10.965
9.643 10.856
9.659 10.748
9.674 10.641
9.69 10.536
9.705 10.431
9.721 10.327
9.736 10.224
9.752 10.122
9.767 10.021
9.783 9.921
9.799 9.822
9.814 9.724
9.83 9.627
9.845 9.531
9.861 9.435
9.876 9.341
9.892 9.248
9.907 9.155
9.923 9.063
9.939 8.972
9.954 8.882
9.97 8.793
9.985 8.705
10.001 8.617
10.016 8.531
10.032 8.445
10.047 8.36
10.063 8.276
10.079 8.193
10.094 8.11
10.11 8.028
10.125 7.947
10.141 7.867
10.156 7.788
10.172 7.709
10.187 7.631
10.203 7.554
10.219 7.478
10.234 7.402
10.25 7.328
10.265 7.253
10.281 7.18
10.296 7.107
10.312 7.035
10.327 6.964
10.343 6.893
10.358 6.824
10.374 6.754
10.39 6.686
10.405 6.618
10.421 6.551
10.436 6.484
10.452 6.418
10.467 6.353
10.483 6.288
10.498 6.224
10.514 6.161
10.53 6.098
10.545 6.036
10.561 5.975
10.576 5.914
10.592 5.854
10.607 5.794
10.623 5.735
10.638 5.677
10.654 5.619
10.67 5.561
10.685 5.505
10.701 5.448
10.716 5.393
10.732 5.338
10.747 5.283
10.763 5.229
10.778 5.176
10.794 5.123
10.81 5.07
10.825 5.018
10.841 4.967
10.856 4.916
10.872 4.866
10.887 4.816
10.903 4.767
10.918 4.718
10.934 4.669
10.95 4.622
10.965 4.574
10.981 4.527
10.996 4.481
11.012 4.435
11.027 4.389
11.043 4.344
11.058 4.3
11.074 4.256
11.09 4.212
11.105 4.169
11.121 4.126
11.136 4.083
11.152 4.041
11.167 4
11.183 3.959
11.198 3.918
11.214 3.878
11.229 3.838
11.245 3.798
11.261 3.759
11.276 3.72
11.292 3.682
11.307 3.644
11.323 3.607
11.338 3.569
11.354 3.533
11.369 3.496
11.385 3.46
11.401 3.424
11.416 3.389
11.432 3.354
11.447 3.32
11.463 3.285
11.478 3.251
11.494 3.218
11.509 3.185
11.525 3.152
11.541 3.119
11.556 3.087
11.572 3.055
11.587 3.024
11.603 2.992
11.618 2.961
11.634 2.931
11.649 2.9
11.665 2.87
11.681 2.841
11.696 2.811
11.712 2.782
11.727 2.754
11.743 2.725
11.758 2.697
11.774 2.669
11.789 2.641
11.805 2.614
11.821 2.587
11.836 2.56
11.852 2.534
11.867 2.507
11.883 2.481
11.898 2.456
11.914 2.43
11.929 2.405
11.945 2.38
11.96 2.355
11.976 2.331
11.992 2.307
12.007 2.283
12.023 2.259
12.038 2.236
12.054 2.213
12.069 2.19
12.085 2.167
12.1 2.145
12.116 2.122
12.132 2.1
12.147 2.078
12.163 2.057
12.178 2.036
12.194 2.014
12.209 1.993
12.225 1.973
12.24 1.952
12.256 1.932
12.272 1.912
12.287 1.892
12.303 1.872
12.318 1.853
12.334 1.834
12.349 1.815
12.365 1.796
12.38 1.777
12.396 1.759
12.412 1.74
12.427 1.722
12.443 1.704
12.458 1.687
12.474 1.669
12.489 1.652
12.505 1.635
12.52 1.618
12.536 1.601
12.552 1.584
12.567 1.568
12.583 1.551
12.598 1.535
12.614 1.519
12.629 1.503
12.645 1.488
12.66 1.472
12.676 1.457
12.691 1.442
12.707 1.427
12.723 1.412
12.738 1.397
12.754 1.383
12.769 1.368
12.785 1.354
12.8 1.34
12.816 1.326
12.831 1.312
12.847 1.298
12.863 1.285
12.878 1.272
12.894 1.258
12.909 1.245
12.925 1.232
12.94 1.219
12.956 1.207
12.971 1.194
12.987 1.182
13.003 1.169
13.018 1.157
13.034 1.145
13.049 1.133
13.065 1.121
13.08 1.11
13.096 1.098
13.111 1.087
13.127 1.075
13.143 1.064
13.158 1.053
13.174 1.042
13.189 1.031
13.205 1.02
13.22 1.01
13.236 0.999
13.251 0.989
13.267 0.978
13.283 0.968
13.298 0.958
13.314 0.948
13.329 0.938
13.345 0.928
13.36 0.919
13.376 0.909
13.391 0.9
13.407 0.89
13.422 0.881
13.438 0.872
13.454 0.863
13.469 0.854
13.485 0.845
13.5 0.836
13.516 0.827
13.531 0.819
13.547 0.81
13.562 0.802
13.578 0.793
13.594 0.785
13.609 0.777
13.625 0.769
13.64 0.761
13.656 0.753
13.671 0.745
13.687 0.737
13.702 0.729
13.718 0.722
13.734 0.714
13.749 0.707
13.765 0.699
13.78 0.692
13.796 0.685
13.811 0.678
13.827 0.671
13.842 0.664
13.858 0.657
13.874 0.65
13.889 0.643
13.905 0.636
13.92 0.63
13.936 0.623
13.951 0.617
13.967 0.61
13.982 0.604
13.998 0.597
14.014 0.591
14.029 0.585
14.045 0.579
14.06 0.573
14.076 0.567
14.091 0.561
14.107 0.555
14.122 0.549
14.138 0.544
14.154 0.538
14.169 0.532
14.185 0.527
14.2 0.521
14.216 0.516
14.231 0.51
14.247 0.505
14.262 0.5
14.278 0.494
14.293 0.489
14.309 0.484
14.325 0.479
14.34 0.474
14.356 0.469
14.371 0.464
14.387 0.459
14.402 0.455
14.418 0.45
14.433 0.445
14.449 0.44
14.465 0.436
14.48 0.431
14.496 0.427
14.511 0.422
14.527 0.418
14.542 0.414
14.558 0.409
14.573 0.405
14.589 0.401
14.605 0.397
14.62 0.392
14.636 0.388
14.651 0.384
14.667 0.38
14.682 0.376
14.698 0.372
14.713 0.368
14.729 0.365
14.745 0.361
14.76 0.357
14.776 0.353
14.791 0.35
14.807 0.346
14.822 0.342
14.838 0.339
14.853 0.335
14.869 0.332
14.885 0.328
14.9 0.325
14.916 0.321
14.931 0.318
14.947 0.315
14.962 0.311
14.978 0.308
14.993 0.305
15.009 0.302
15.024 0.298
15.04 0.295
15.056 0.292
15.071 0.289
15.087 0.286
15.102 0.283
15.118 0.28
15.133 0.277
15.149 0.274
15.164 0.272
15.18 0.269
15.196 0.266
15.211 0.263
15.227 0.26
15.242 0.258
15.258 0.255
15.273 0.252
15.289 0.25
15.304 0.247
15.32 0.244
15.336 0.242
15.351 0.239
15.367 0.237
15.382 0.234
15.398 0.232
15.413 0.229
15.429 0.227
15.444 0.225
15.46 0.222
15.476 0.22
15.491 0.218
15.507 0.215
15.522 0.213
15.538 0.211
15.553 0.209
