0 1
0.008 1.01
0.017 1.02
0.025 1.03
0.033 1.041
0.042 1.051
0.05 1.062
0.058 1.072
0.067 1.083
0.075 1.094
0.083 1.105
0.092 1.116
0.1 1.127
0.108 1.138
0.117 1.15
0.125 1.161
0.133 1.173
0.142 1.185
0.15 1.196
0.158 1.208
0.167 1.22
0.175 1.232
0.183 1.245
0.192 1.257
0.2 1.27
0.208 1.282
0.217 1.295
0.225 1.308
0.233 1.321
0.242 1.334
0.25 1.347
0.258 1.36
0.267 1.374
0.275 1.388
0.283 1.401
0.292 1.415
0.3 1.429
0.308 1.443
0.317 1.457
0.325 1.472
0.333 1.486
0.341 1.501
0.35 1.516
0.358 1.531
0.366 1.546
0.375 1.561
0.383 1.576
0.391 1.592
0.4 1.607
0.408 1.623
0.416 1.639
0.425 1.655
0.433 1.671
0.441 1.687
0.45 1.704
0.458 1.721
0.466 1.737
0.475 1.754
0.483 1.771
0.491 1.789
0.5 1.806
0.508 1.824
0.516 1.841
0.525 1.859
0.533 1.877
0.541 1.895
0.55 1.914
0.558 1.932
0.566 1.951
0.575 1.97
0.583 1.989
0.591 2.008
0.6 2.027
0.608 2.047
0.616 2.066
0.625 2.086
0.633 2.106
0.641 2.126
0.65 2.147
0.658 2.167
0.666 2.188
0.675 2.209
0.683 2.23
0.691 2.251
0.7 2.273
0.708 2.295
0.716 2.316
0.725 2.338
0.733 2.361
0.741 2.383
0.75 2.406
0.758 2.428
0.766 2.451
0.775 2.474
0.783 2.498
0.791 2.521
0.8 2.545
0.808 2.569
0.816 2.593
0.825 2.617
0.833 2.642
0.841 2.667
0.85 2.692
0.858 2.717
0.866 2.742
0.875 2.768
0.883 2.794
0.891 2.82
0.9 2.846
0.908 2.872
0.916 2.899
0.925 2.926
0.933 2.953
0.941 2.98
0.95 3.007
0.958 3.035
0.966 3.063
0.975 3.091
0.983 3.12
0.991 3.148
1 3.177
1.008 3.206
1.016 3.235
1.024 3.265
1.033 3.294
1.041 3.324
1.049 3.355
1.058 3.385
1.066 3.416
1.074 3.446
1.083 3.478
1.091 3.509
1.099 3.54
1.108 3.572
1.116 3.604
1.124 3.637
1.133 3.669
1.141 3.702
1.149 3.735
1.158 3.768
1.166 3.802
1.174 3.835
1.183 3.869
1.191 3.903
1.199 3.938
1.208 3.973
1.216 4.008
1.224 4.043
1.233 4.078
1.241 4.114
1.249 4.15
1.258 4.186
1.266 4.222
1.274 4.259
1.283 4.296
1.291 4.333
1.299 4.371
1.308 4.408
1.316 4.446
1.324 4.484
1.333 4.523
1.341 4.561
1.349 4.6
1.358 4.64
1.366 4.679
1.374 4.719
1.383 4.759
1.391 4.799
1.399 4.839
1.408 4.88
1.416 4.921
1.424 4.962
1.433 5.004
1.441 5.046
1.449 5.087
1.458 5.13
1.466 5.172
1.474 5.215
1.483 5.258
1.491 5.301
1.499 5.345
1.508 5.388
1.516 5.432
1.524 5.477
1.533 5.521
1.541 5.566
1.549 5.611
1.558 5.656
1.566 5.702
1.574 5.748
1.583 5.793
1.591 5.84
1.599 5.886
1.608 5.933
1.616 5.98
1.624 6.027
1.633 6.075
1.641 6.122
1.649 6.17
1.658 6.218
1.666 6.267
1.674 6.316
1.682 6.364
1.691 6.414
1.699 6.463
1.707 6.512
1.716 6.562
1.724 6.612
1.732 6.663
1.741 6.713
1.749 6.764
1.757 6.815
1.766 6.866
1.774 6.917
1.782 6.969
1.791 7.021
1.799 7.073
1.807 7.125
1.816 7.177
1.824 7.23
1.832 7.283
1.841 7.336
1.849 7.389
1.857 7.442
1.866 7.496
1.874 7.55
1.882 7.604
1.891 7.658
1.899 7.712
1.907 7.767
1.916 7.822
1.924 7.877
1.932 7.932
1.941 7.987
1.949 8.042
1.957 8.098
1.966 8.154
1.974 8.209
1.982 8.265
1.991 8.322
1.999 8.378
2.007 8.434
2.016 8.491
2.024 8.548
2.032 8.605
2.041 8.662
2.049 8.719
2.057 8.776
2.066 8.834
2.074 8.891
2.082 8.949
2.091 9.006
2.099 9.064
2.107 9.122
2.116 9.18
2.124 9.238
2.132 9.297
2.141 9.355
2.149 9.413
2.157 9.472
2.166 9.53
2.174 9.589
2.182 9.647
2.191 9.706
2.199 9.765
2.207 9.824
2.216 9.882
2.224 9.941
2.232 10
2.241 10.059
2.249 10.118
2.257 10.177
2.266 10.236
2.274 10.295
2.282 10.354
2.291 10.413
2.299 10.472
2.307 10.531
2.316 10.59
2.324 10.649
2.332 10.708
2.341 10.766
2.349 10.825
2.357 10.884
2.365 10.943
2.374 11.001
2.382 11.06
2.39 11.119
2.399 11.177
2.407 11.236
2.415 11.294
2.424 11.352
2.432 11.41
2.44 11.468
2.449 11.526
2.457 11.584
2.465 11.642
2.474 11.699
2.482 11.757
2.49 11.814
2.499 11.871
2.507 11.928
2.515 11.985
2.524 12.042
2.532 12.099
2.54 12.155
2.549 12.211
2.557 12.267
2.565 12.323
2.574 12.379
2.582 12.434
2.59 12.49
2.599 12.545
2.607 12.599
2.615 12.654
2.624 12.709
2.632 12.763
2.64 12.817
2.649 12.87
2.657 12.924
2.665 12.977
2.674 13.03
2.682 13.083
2.69 13.135
2.699 13.187
2.707 13.239
2.715 13.291
2.724 13.342
2.732 13.393
2.74 13.444
2.749 13.494
2.757 13.544
2.765 13.594
2.774 13.643
2.782 13.692
2.79 13.741
2.799 13.789
2.807 13.837
2.815 13.885
2.824 13.932
2.832 13.979
2.84 14.026
2.849 14.072
2.857 14.118
2.865 14.163
2.874 14.208
2.882 14.253
2.89 14.297
2.899 14.341
2.907 14.385
2.915 14.428
2.924 14.471
2.932 14.513
2.94 14.555
2.949 14.596
2.957 14.637
2.965 14.678
2.974 14.718
2.982 14.757
2.99 14.796
2.999 14.835
3.007 14.873
3.015 14.911
3.023 14.949
3.032 14.986
3.04 15.022
3.048 15.058
3.057 15.093
3.065 15.128
3.073 15.163
3.082 15.197
3.09 15.23
3.098 15.263
3.107 15.296
3.115 15.328
3.123 15.359
3.132 15.39
3.14 15.421
3.148 15.451
3.157 15.48
3.165 15.509
3.173 15.538
3.182 15.566
3.19 15.593
3.198 15.62
3.207 15.646
3.215 15.672
3.223 15.697
3.232 15.722
3.24 15.746
3.248 15.77
3.257 15.793
3.265 15.816
3.273 15.838
3.282 15.859
3.29 15.88
3.298 15.901
3.307 15.921
3.315 15.94
3.323 15.959
3.332 15.977
3.34 15.995
3.348 16.012
3.357 16.028
3.365 16.044
3.373 16.06
3.382 16.075
3.39 16.089
3.398 16.103
3.407 16.116
3.415 16.129
3.423 16.141
3.432 16.153
3.44 16.164
3.448 16.174
3.457 16.184
3.465 16.194
3.473 16.203
3.482 16.211
3.49 16.219
3.498 16.226
3.507 16.232
3.515 16.239
3.523 16.244
3.532 16.249
3.54 16.254
3.548 16.258
3.557 16.261
3.565 16.264
3.573 16.266
3.582 16.268
3.59 16.269
3.598 16.27
3.607 16.27
3.615 16.27
3.623 16.269
3.632 16.267
3.64 16.265
3.648 16.263
3.657 16.26
3.665 16.256
3.673 16.252
3.682 16.248
3.69 16.243
3.698 16.237
3.706 16.231
3.715 16.225
3.723 16.218
3.731 16.21
3.74 16.202
3.748 16.193
3.756 16.184
3.765 16.175
3.773 16.165
3.781 16.154
3.79 16.143
3.798 16.132
3.806 16.12
3.815 16.107
3.823 16.095
3.831 16.081
3.84 16.067
3.848 16.053
3.856 16.038
3.865 16.023
3.873 16.007
3.881 15.991
3.89 15.975
3.898 15.958
3.906 15.94
3.915 15.923
3.923 15.904
3.931 15.886
3.94 15.867
3.948 15.847
3.956 15.827
3.965 15.807
3.973 15.786
3.981 15.765
3.99 15.743
3.998 15.721
4.006 15.699
4.015 15.676
4.023 15.653
4.031 15.629
4.04 15.605
4.048 15.581
4.056 15.556
4.065 15.531
4.073 15.506
4.081 15.48
4.09 15.454
4.098 15.428
4.106 15.401
4.115 15.374
4.123 15.346
4.131 15.318
4.14 15.29
4.148 15.262
4.156 15.233
4.165 15.204
4.173 15.174
4.181 15.144
4.19 15.114
4.198 15.084
4.206 15.053
4.215 15.022
4.223 14.991
4.231 14.959
4.24 14.927
4.248 14.895
4.256 14.863
4.265 14.83
4.273 14.797
4.281 14.764
4.29 14.73
4.298 14.697
4.306 14.663
4.315 14.628
4.323 14.594
4.331 14.559
4.34 14.524
4.348 14.489
4.356 14.454
4.364 14.418
4.373 14.382
4.381 14.346
4.389 14.309
4.398 14.273
4.406 14.236
4.414 14.199
4.423 14.162
4.431 14.125
4.439 14.087
4.448 14.049
4.456 14.011
4.464 13.973
4.473 13.935
4.481 13.896
4.489 13.858
4.498 13.819
4.506 13.78
4.514 13.741
4.523 13.701
4.531 13.662
4.539 13.622
4.548 13.583
4.556 13.543
4.564 13.503
4.573 13.463
4.581 13.422
4.589 13.382
4.598 13.341
4.606 13.3
4.614 13.26
4.623 13.219
4.631 13.178
4.639 13.136
4.648 13.095
4.656 13.054
4.664 13.012
4.673 12.971
4.681 12.929
4.689 12.887
4.698 12.846
4.706 12.804
4.714 12.762
4.723 12.719
4.731 12.677
4.739 12.635
4.748 12.593
4.756 12.55
4.764 12.508
4.773 12.465
4.781 12.423
4.789 12.38
4.798 12.337
4.806 12.295
4.814 12.252
4.823 12.209
4.831 12.166
4.839 12.123
4.848 12.08
4.856 12.037
4.864 11.994
4.873 11.951
4.881 11.908
4.889 11.865
4.898 11.822
4.906 11.779
4.914 11.736
4.923 11.692
4.931 11.649
4.939 11.606
4.948 11.563
4.956 11.52
4.964 11.476
4.973 11.433
4.981 11.39
4.989 11.347
4.998 11.304
5.006 11.26
5.014 11.217
5.023 11.174
5.031 11.131
5.039 11.088
5.047 11.044
5.056 11.001
5.064 10.958
5.072 10.915
5.081 10.872
5.089 10.829
5.097 10.786
5.106 10.743
5.114 10.7
5.122 10.657
5.131 10.614
5.139 10.572
5.147 10.529
5.156 10.486
5.164 10.443
5.172 10.401
5.181 10.358
5.189 10.316
5.197 10.273
5.206 10.231
5.214 10.188
5.222 10.146
5.231 10.104
5.239 10.061
5.247 10.019
5.256 9.977
5.264 9.935
5.272 9.893
5.281 9.851
5.289 9.809
5.297 9.768
5.306 9.726
5.314 9.684
5.322 9.643
5.331 9.601
5.339 9.56
5.347 9.518
5.356 9.477
5.364 9.436
5.372 9.395
5.381 9.354
5.389 9.313
5.397 9.272
5.406 9.231
5.414 9.191
5.422 9.15
5.431 9.109
5.439 9.069
5.447 9.029
5.456 8.988
5.464 8.948
5.472 8.908
5.481 8.868
5.489 8.828
5.497 8.788
5.506 8.749
5.514 8.709
5.522 8.67
5.531 8.63
5.539 8.591
5.547 8.552
5.556 8.513
5.564 8.474
5.572 8.435
5.581 8.396
5.589 8.357
5.597 8.319
5.606 8.28
5.614 8.242
5.622 8.203
5.631 8.165
5.639 8.127
5.647 8.089
5.656 8.051
5.664 8.014
5.672 7.976
5.681 7.938
5.689 7.901
5.697 7.864
5.705 7.827
5.714 7.789
5.722 7.752
5.73 7.716
5.739 7.679
5.747 7.642
5.755 7.606
5.764 7.569
5.772 7.533
5.78 7.497
5.789 7.461
5.797 7.425
5.805 7.389
5.814 7.353
5.822 7.318
5.83 7.282
5.839 7.247
5.847 7.212
5.855 7.177
5.864 7.142
5.872 7.107
5.88 7.072
5.889 7.037
5.897 7.003
5.905 6.968
5.914 6.934
5.922 6.9
5.93 6.866
5.939 6.832
5.947 6.798
5.955 6.764
5.964 6.731
5.972 6.697
5.98 6.664
5.989 6.631
5.997 6.598
6.005 6.565
6.014 6.532
6.022 6.499
6.03 6.467
6.039 6.434
6.047 6.402
6.055 6.37
6.064 6.338
6.072 6.306
6.08 6.274
6.089 6.242
6.097 6.211
6.105 6.179
6.114 6.148
6.122 6.116
6.13 6.085
6.139 6.054
6.147 6.023
6.155 5.993
6.164 5.962
6.172 5.932
6.18 5.901
6.189 5.871
6.197 5.841
6.205 5.811
6.214 5.781
6.222 5.751
6.23 5.721
6.239 5.692
6.247 5.663
6.255 5.633
6.264 5.604
6.272 5.575
6.28 5.546
6.289 5.517
6.297 5.489
6.305 5.46
6.314 5.432
6.322 5.403
6.33 5.375
6.339 5.347
6.347 5.319
6.355 5.291
6.364 5.263
6.372 5.236
6.38 5.208
6.388 5.181
6.397 5.154
6.405 5.127
6.413 5.1
6.422 5.073
6.43 5.046
6.438 5.019
6.447 4.993
6.455 4.966
6.463 4.94
6.472 4.914
6.48 4.888
6.488 4.862
6.497 4.836
6.505 4.81
6.513 4.785
6.522 4.759
6.53 4.734
6.538 4.708
6.547 4.683
6.555 4.658
6.563 4.633
6.572 4.609
6.58 4.584
6.588 4.559
6.597 4.535
6.605 4.51
6.613 4.486
6.622 4.462
6.63 4.438
6.638 4.414
6.647 4.39
6.655 4.367
6.663 4.343
6.672 4.32
6.68 4.296
6.688 4.273
6.697 4.25
6.705 4.227
6.713 4.204
6.722 4.181
6.73 4.158
6.738 4.136
6.747 4.113
6.755 4.091
6.763 4.069
6.772 4.046
6.78 4.024
6.788 4.002
6.797 3.981
6.805 3.959
6.813 3.937
6.822 3.916
6.83 3.894
6.838 3.873
6.847 3.852
6.855 3.831
6.863 3.809
6.872 3.789
6.88 3.768
6.888 3.747
6.897 3.726
6.905 3.706
6.913 3.686
6.922 3.665
6.93 3.645
6.938 3.625
6.947 3.605
6.955 3.585
6.963 3.565
6.972 3.545
6.98 3.526
6.988 3.506
6.997 3.487
7.005 3.468
7.013 3.448
7.022 3.429
7.03 3.41
7.038 3.391
7.046 3.372
7.055 3.354
7.063 3.335
7.071 3.316
7.08 3.298
7.088 3.279
7.096 3.261
7.105 3.243
7.113 3.225
7.121 3.207
7.13 3.189
7.138 3.171
7.146 3.153
7.155 3.136
7.163 3.118
7.171 3.101
7.18 3.083
7.188 3.066
7.196 3.049
7.205 3.032
7.213 3.015
7.221 2.998
7.23 2.981
7.238 2.964
7.246 2.948
7.255 2.931
7.263 2.914
7.271 2.898
7.28 2.882
7.288 2.866
7.296 2.849
7.305 2.833
7.313 2.817
7.321 2.801
7.33 2.786
7.338 2.77
7.346 2.754
7.355 2.739
7.363 2.723
7.371 2.708
7.38 2.692
7.388 2.677
7.396 2.662
7.405 2.647
7.413 2.632
7.421 2.617
7.43 2.602
7.438 2.587
7.446 2.573
7.455 2.558
7.463 2.543
7.471 2.529
7.48 2.515
7.488 2.5
7.496 2.486
7.505 2.472
7.513 2.458
7.521 2.444
7.53 2.43
7.538 2.416
7.546 2.402
7.555 2.388
7.563 2.375
7.571 2.361
7.58 2.348
7.588 2.334
7.596 2.321
7.605 2.308
7.613 2.294
7.621 2.281
7.63 2.268
7.638 2.255
7.646 2.242
7.655 2.229
7.663 2.217
7.671 2.204
7.68 2.191
7.688 2.179
7.696 2.166
7.705 2.154
7.713 2.141
7.721 2.129
7.729 2.117
7.738 2.105
7.746 2.093
7.754 2.081
7.763 2.069
7.771 2.057
7.779 2.045
7.788 2.033
7.796 2.021
7.804 2.01
7.813 1.998
7.821 1.987
7.829 1.975
7.838 1.964
7.846 1.952
7.854 1.941
7.863 1.93
7.871 1.919
7.879 1.908
7.888 1.897
7.896 1.886
7.904 1.875
7.913 1.864
7.921 1.853
7.929 1.842
7.938 1.832
7.946 1.821
7.954 1.811
7.963 1.8
7.971 1.79
7.979 1.779
7.988 1.769
7.996 1.759
8.004 1.749
8.013 1.738
8.021 1.728
8.029 1.718
8.038 1.708
8.046 1.698
8.054 1.688
8.063 1.679
8.071 1.669
8.079 1.659
8.088 1.65
8.096 1.64
8.104 1.63
8.113 1.621
8.121 1.611
8.129 1.602
8.138 1.593
8.146 1.583
8.154 1.574
8.163 1.565
8.171 1.556
8.179 1.547
8.188 1.538
8.196 1.529
8.204 1.52
8.213 1.511
8.221 1.502
8.229 1.494
8.238 1.485
8.246 1.476
8.254 1.468
8.263 1.459
8.271 1.45
8.279 1.442
8.288 1.433
8.296 1.425
8.304 1.417
8.313 1.408
8.321 1.4
8.329 1.392
