0 1
0.011 1.012
0.022 1.023
0.033 1.035
0.044 1.047
0.055 1.059
0.066 1.071
0.077 1.084
0.088 1.096
0.099 1.109
0.11 1.121
0.12 1.134
0.131 1.147
0.142 1.161
0.153 1.174
0.164 1.187
0.175 1.201
0.186 1.215
0.197 1.229
0.208 1.243
0.219 1.257
0.23 1.272
0.241 1.286
0.252 1.301
0.263 1.316
0.274 1.331
0.285 1.347
0.296 1.362
0.307 1.378
0.318 1.393
0.329 1.409
0.339 1.426
0.35 1.442
0.361 1.458
0.372 1.475
0.383 1.492
0.394 1.509
0.405 1.527
0.416 1.544
0.427 1.562
0.438 1.58
0.449 1.598
0.46 1.616
0.471 1.634
0.482 1.653
0.493 1.672
0.504 1.691
0.515 1.71
0.526 1.73
0.537 1.75
0.548 1.77
0.559 1.79
0.569 1.81
0.58 1.831
0.591 1.852
0.602 1.873
0.613 1.894
0.624 1.916
0.635 1.938
0.646 1.96
0.657 1.982
0.668 2.005
0.679 2.028
0.69 2.051
0.701 2.074
0.712 2.098
0.723 2.121
0.734 2.146
0.745 2.17
0.756 2.195
0.767 2.22
0.778 2.245
0.788 2.27
0.799 2.296
0.81 2.322
0.821 2.348
0.832 2.375
0.843 2.402
0.854 2.429
0.865 2.457
0.876 2.484
0.887 2.512
0.898 2.541
0.909 2.57
0.92 2.599
0.931 2.628
0.942 2.658
0.953 2.688
0.964 2.718
0.975 2.749
0.986 2.779
0.997 2.811
1.008 2.842
1.018 2.874
1.029 2.907
1.04 2.94
1.051 2.973
1.062 3.006
1.073 3.04
1.084 3.074
1.095 3.108
1.106 3.143
1.117 3.178
1.128 3.214
1.139 3.25
1.15 3.286
1.161 3.323
1.172 3.36
1.183 3.398
1.194 3.436
1.205 3.474
1.216 3.513
1.227 3.552
1.237 3.592
1.248 3.632
1.259 3.672
1.27 3.713
1.281 3.755
1.292 3.796
1.303 3.838
1.314 3.881
1.325 3.924
1.336 3.968
1.347 4.012
1.358 4.056
1.369 4.101
1.38 4.146
1.391 4.192
1.402 4.239
1.413 4.285
1.424 4.333
1.435 4.381
1.446 4.429
1.457 4.478
1.467 4.527
1.478 4.577
1.489 4.627
1.5 4.678
1.511 4.729
1.522 4.781
1.533 4.834
1.544 4.887
1.555 4.94
1.566 4.994
1.577 5.049
1.588 5.104
1.599 5.159
1.61 5.216
1.621 5.273
1.632 5.33
1.643 5.388
1.654 5.447
1.665 5.506
1.676 5.565
1.686 5.626
1.697 5.687
1.708 5.748
1.719 5.81
1.73 5.873
1.741 5.937
1.752 6.001
1.763 6.065
1.774 6.131
1.785 6.197
1.796 6.263
1.807 6.33
1.818 6.398
1.829 6.467
1.84 6.536
1.851 6.606
1.862 6.677
1.873 6.748
1.884 6.82
1.895 6.892
1.906 6.966
1.916 7.04
1.927 7.114
1.938 7.19
1.949 7.266
1.96 7.343
1.971 7.421
1.982 7.499
1.993 7.578
2.004 7.658
2.015 7.738
2.026 7.82
2.037 7.902
2.048 7.984
2.059 8.068
2.07 8.152
2.081 8.238
2.092 8.323
2.103 8.41
2.114 8.498
2.125 8.586
2.135 8.675
2.146 8.765
2.157 8.856
2.168 8.947
2.179 9.039
2.19 9.132
2.201 9.226
2.212 9.321
2.223 9.417
2.234 9.513
2.245 9.611
2.256 9.709
2.267 9.808
2.278 9.908
2.289 10.008
2.3 10.11
2.311 10.212
2.322 10.316
2.333 10.42
2.344 10.525
2.355 10.631
2.365 10.738
2.376 10.846
2.387 10.954
2.398 11.064
2.409 11.174
2.42 11.286
2.431 11.398
2.442 11.511
2.453 11.625
2.464 11.74
2.475 11.856
2.486 11.973
2.497 12.091
2.508 12.209
2.519 12.329
2.53 12.45
2.541 12.571
2.552 12.694
2.563 12.817
2.574 12.941
2.584 13.067
2.595 13.193
2.606 13.32
2.617 13.448
2.628 13.577
2.639 13.707
2.65 13.838
2.661 13.97
2.672 14.103
2.683 14.237
2.694 14.372
2.705 14.507
2.716 14.644
2.727 14.782
2.738 14.92
2.749 15.06
2.76 15.201
2.771 15.342
2.782 15.484
2.793 15.628
2.804 15.772
2.814 15.918
2.825 16.064
2.836 16.211
2.847 16.359
2.858 16.509
2.869 16.659
2.88 16.81
2.891 16.962
2.902 17.115
2.913 17.268
2.924 17.423
2.935 17.579
2.946 17.736
2.957 17.893
2.968 18.052
2.979 18.211
2.99 18.371
3.001 18.533
3.012 18.695
3.023 18.858
3.034 19.022
3.044 19.187
3.055 19.352
3.066 19.519
3.077 19.686
3.088 19.855
3.099 20.024
3.11 20.194
3.121 20.365
3.132 20.537
3.143 20.709
3.154 20.883
3.165 21.057
3.176 21.232
3.187 21.408
3.198 21.584
3.209 21.762
3.22 21.94
3.231 22.119
3.242 22.298
3.253 22.479
3.263 22.66
3.274 22.842
3.285 23.024
3.296 23.208
3.307 23.392
3.318 23.576
3.329 23.762
3.34 23.948
3.351 24.134
3.362 24.322
3.373 24.509
3.384 24.698
3.395 24.887
3.406 25.077
3.417 25.267
3.428 25.458
3.439 25.649
3.45 25.841
3.461 26.033
3.472 26.226
3.483 26.419
3.493 26.613
3.504 26.808
3.515 27.002
3.526 27.197
3.537 27.393
3.548 27.589
3.559 27.785
3.57 27.981
3.581 28.178
3.592 28.375
3.603 28.573
3.614 28.771
3.625 28.969
3.636 29.167
3.647 29.366
3.658 29.564
3.669 29.763
3.68 29.962
3.691 30.161
3.702 30.361
3.712 30.56
3.723 30.759
3.734 30.959
3.745 31.158
3.756 31.358
3.767 31.558
3.778 31.757
3.789 31.957
3.8 32.156
3.811 32.355
3.822 32.555
3.833 32.754
3.844 32.952
3.855 33.151
3.866 33.35
3.877 33.548
3.888 33.746
3.899 33.944
3.91 34.141
3.921 34.338
3.932 34.535
3.942 34.732
3.953 34.928
3.964 35.123
3.975 35.319
3.986 35.513
3.997 35.707
4.008 35.901
4.019 36.094
4.03 36.287
4.041 36.479
4.052 36.671
4.063 36.861
4.074 37.051
4.085 37.241
4.096 37.43
4.107 37.618
4.118 37.805
4.129 37.992
4.14 38.177
4.151 38.362
4.161 38.546
4.172 38.729
4.183 38.912
4.194 39.093
4.205 39.273
4.216 39.453
4.227 39.631
4.238 39.808
4.249 39.985
4.26 40.16
4.271 40.334
4.282 40.507
4.293 40.679
4.304 40.85
4.315 41.02
4.326 41.188
4.337 41.355
4.348 41.521
4.359 41.686
4.37 41.849
4.381 42.011
4.391 42.172
4.402 42.331
4.413 42.489
4.424 42.646
4.435 42.801
4.446 42.955
4.457 43.107
4.468 43.258
4.479 43.407
4.49 43.555
4.501 43.701
4.512 43.846
4.523 43.989
4.534 44.13
4.545 44.27
4.556 44.408
4.567 44.545
4.578 44.68
4.589 44.813
4.6 44.945
4.61 45.074
4.621 45.203
4.632 45.329
4.643 45.453
4.654 45.576
4.665 45.697
4.676 45.816
4.687 45.934
4.698 46.049
4.709 46.163
4.72 46.275
4.731 46.385
4.742 46.493
4.753 46.599
4.764 46.703
4.775 46.805
4.786 46.906
4.797 47.004
4.808 47.101
4.819 47.195
4.83 47.288
4.84 47.378
4.851 47.467
4.862 47.553
4.873 47.638
4.884 47.721
4.895 47.801
4.906 47.88
4.917 47.956
4.928 48.031
4.939 48.103
4.95 48.173
4.961 48.242
4.972 48.308
4.983 48.372
4.994 48.434
5.005 48.494
5.016 48.552
5.027 48.608
5.038 48.662
5.049 48.713
5.059 48.763
5.07 48.811
5.081 48.856
5.092 48.899
5.103 48.941
5.114 48.98
5.125 49.017
5.136 49.052
5.147 49.085
5.158 49.116
5.169 49.145
5.18 49.172
5.191 49.197
5.202 49.219
5.213 49.24
5.224 49.259
5.235 49.275
5.246 49.29
5.257 49.302
5.268 49.312
5.279 49.321
5.289 49.327
5.3 49.331
5.311 49.334
5.322 49.334
5.333 49.332
5.344 49.329
5.355 49.323
5.366 49.315
5.377 49.306
5.388 49.294
5.399 49.281
5.41 49.265
5.421 49.248
5.432 49.229
5.443 49.208
5.454 49.185
5.465 49.16
5.476 49.133
5.487 49.104
5.498 49.074
5.508 49.041
5.519 49.007
5.53 48.971
5.541 48.933
5.552 48.894
5.563 48.852
5.574 48.809
5.585 48.764
5.596 48.718
5.607 48.669
5.618 48.619
5.629 48.568
5.64 48.514
5.651 48.459
5.662 48.402
5.673 48.344
5.684 48.284
5.695 48.222
5.706 48.159
5.717 48.094
5.728 48.027
5.738 47.959
5.749 47.89
5.76 47.819
5.771 47.746
5.782 47.672
5.793 47.597
5.804 47.52
5.815 47.441
5.826 47.361
5.837 47.28
5.848 47.197
5.859 47.113
5.87 47.028
5.881 46.941
5.892 46.853
5.903 46.763
5.914 46.672
5.925 46.58
5.936 46.487
5.947 46.392
5.957 46.296
5.968 46.199
5.979 46.101
5.99 46.002
6.001 45.901
6.012 45.799
6.023 45.696
6.034 45.592
6.045 45.487
6.056 45.381
6.067 45.274
6.078 45.165
6.089 45.056
6.1 44.945
6.111 44.834
6.122 44.721
6.133 44.608
6.144 44.493
6.155 44.378
6.166 44.262
6.177 44.145
6.187 44.027
6.198 43.908
6.209 43.788
6.22 43.667
6.231 43.546
6.242 43.423
6.253 43.3
6.264 43.176
6.275 43.052
6.286 42.926
6.297 42.8
6.308 42.673
6.319 42.546
6.33 42.417
6.341 42.288
6.352 42.159
6.363 42.028
6.374 41.898
6.385 41.766
6.396 41.634
6.406 41.501
6.417 41.368
6.428 41.234
6.439 41.1
6.45 40.965
6.461 40.829
6.472 40.693
6.483 40.557
6.494 40.42
6.505 40.283
6.516 40.145
6.527 40.007
6.538 39.868
6.549 39.729
6.56 39.589
6.571 39.45
6.582 39.309
6.593 39.169
6.604 39.028
6.615 38.887
6.626 38.745
6.636 38.603
6.647 38.461
6.658 38.319
6.669 38.176
6.68 38.033
6.691 37.89
6.702 37.747
6.713 37.603
6.724 37.459
6.735 37.315
6.746 37.171
6.757 37.027
6.768 36.882
6.779 36.738
6.79 36.593
6.801 36.448
6.812 36.303
6.823 36.158
6.834 36.012
6.845 35.867
6.855 35.722
6.866 35.576
6.877 35.431
6.888 35.285
6.899 35.139
6.91 34.994
6.921 34.848
6.932 34.702
6.943 34.557
6.954 34.411
6.965 34.266
6.976 34.12
6.987 33.974
6.998 33.829
7.009 33.683
7.02 33.538
7.031 33.393
7.042 33.247
7.053 33.102
7.064 32.957
7.075 32.812
7.085 32.667
7.096 32.523
7.107 32.378
7.118 32.234
7.129 32.089
7.14 31.945
7.151 31.801
7.162 31.657
7.173 31.514
7.184 31.37
7.195 31.227
7.206 31.084
7.217 30.941
7.228 30.798
7.239 30.656
7.25 30.513
7.261 30.371
7.272 30.23
7.283 30.088
7.294 29.947
7.304 29.806
7.315 29.665
7.326 29.524
7.337 29.384
7.348 29.244
7.359 29.104
7.37 28.964
7.381 28.825
7.392 28.686
7.403 28.548
7.414 28.409
7.425 28.271
7.436 28.134
7.447 27.996
7.458 27.859
7.469 27.722
7.48 27.586
7.491 27.45
7.502 27.314
7.513 27.179
7.524 27.043
7.534 26.909
7.545 26.774
7.556 26.64
7.567 26.507
7.578 26.373
7.589 26.24
7.6 26.108
7.611 25.975
7.622 25.844
7.633 25.712
7.644 25.581
7.655 25.45
7.666 25.32
7.677 25.19
7.688 25.061
7.699 24.931
7.71 24.803
7.721 24.674
7.732 24.546
7.743 24.419
7.753 24.292
7.764 24.165
7.775 24.039
7.786 23.913
7.797 23.787
7.808 23.662
7.819 23.538
7.83 23.414
7.841 23.29
7.852 23.166
7.863 23.043
7.874 22.921
7.885 22.799
7.896 22.677
7.907 22.556
7.918 22.435
7.929 22.315
7.94 22.195
7.951 22.076
7.962 21.957
7.973 21.838
7.983 21.72
7.994 21.602
8.005 21.485
8.016 21.368
8.027 21.252
8.038 21.136
8.049 21.021
8.06 20.906
8.071 20.791
8.082 20.677
8.093 20.563
8.104 20.45
8.115 20.338
8.126 20.225
8.137 20.113
8.148 20.002
8.159 19.891
8.17 19.781
8.181 19.671
8.192 19.561
8.203 19.452
8.213 19.344
8.224 19.235
8.235 19.128
8.246 19.02
8.257 18.914
8.268 18.807
8.279 18.701
8.29 18.596
8.301 18.491
8.312 18.387
8.323 18.283
8.334 18.179
8.345 18.076
8.356 17.973
8.367 17.871
8.378 17.769
8.389 17.668
8.4 17.567
8.411 17.467
8.422 17.367
8.432 17.267
8.443 17.168
8.454 17.07
8.465 16.972
8.476 16.874
8.487 16.777
8.498 16.68
8.509 16.584
8.52 16.488
8.531 16.392
8.542 16.297
8.553 16.203
8.564 16.109
8.575 16.015
8.586 15.922
8.597 15.829
8.608 15.737
8.619 15.645
8.63 15.554
8.641 15.463
8.652 15.372
8.662 15.282
8.673 15.193
8.684 15.103
8.695 15.015
8.706 14.926
8.717 14.839
8.728 14.751
8.739 14.664
8.75 14.578
8.761 14.491
8.772 14.406
8.783 14.32
8.794 14.236
8.805 14.151
8.816 14.067
8.827 13.984
8.838 13.9
8.849 13.818
8.86 13.735
8.871 13.653
8.881 13.572
8.892 13.491
8.903 13.41
8.914 13.33
8.925 13.25
8.936 13.171
8.947 13.092
8.958 13.013
8.969 12.935
8.98 12.857
8.991 12.78
9.002 12.703
9.013 12.627
9.024 12.55
9.035 12.475
9.046 12.399
9.057 12.324
9.068 12.25
9.079 12.176
9.09 12.102
9.101 12.029
9.111 11.956
9.122 11.883
9.133 11.811
9.144 11.739
9.155 11.668
9.166 11.597
9.177 11.526
9.188 11.456
9.199 11.386
9.21 11.317
9.221 11.247
9.232 11.179
9.243 11.11
9.254 11.042
9.265 10.975
9.276 10.907
9.287 10.841
9.298 10.774
9.309 10.708
9.32 10.642
9.33 10.577
9.341 10.512
9.352 10.447
9.363 10.383
9.374 10.319
9.385 10.255
9.396 10.192
9.407 10.129
9.418 10.066
9.429 10.004
9.44 9.942
9.451 9.881
9.462 9.82
9.473 9.759
9.484 9.698
9.495 9.638
9.506 9.578
9.517 9.519
9.528 9.46
9.539 9.401
9.55 9.343
9.56 9.285
9.571 9.227
9.582 9.169
9.593 9.112
9.604 9.055
9.615 8.999
9.626 8.943
9.637 8.887
9.648 8.831
9.659 8.776
9.67 8.721
9.681 8.667
9.692 8.613
9.703 8.559
9.714 8.505
9.725 8.452
9.736 8.399
9.747 8.346
9.758 8.294
9.769 8.242
9.779 8.19
9.79 8.138
9.801 8.087
9.812 8.036
9.823 7.986
9.834 7.936
9.845 7.886
9.856 7.836
9.867 7.787
9.878 7.737
9.889 7.689
9.9 7.64
9.911 7.592
9.922 7.544
9.933 7.496
9.944 7.449
9.955 7.402
9.966 7.355
9.977 7.308
9.988 7.262
9.999 7.216
10.009 7.17
10.02 7.125
10.031 7.08
10.042 7.035
10.053 6.99
10.064 6.946
10.075 6.902
10.086 6.858
10.097 6.814
10.108 6.771
10.119 6.728
10.13 6.685
10.141 6.642
10.152 6.6
10.163 6.558
10.174 6.516
10.185 6.475
10.196 6.434
10.207 6.393
10.218 6.352
10.228 6.311
10.239 6.271
10.25 6.231
10.261 6.191
10.272 6.151
10.283 6.112
10.294 6.073
10.305 6.034
10.316 5.996
10.327 5.957
10.338 5.919
10.349 5.881
10.36 5.843
10.371 5.806
10.382 5.769
10.393 5.732
10.404 5.695
10.415 5.658
10.426 5.622
10.437 5.586
10.448 5.55
10.458 5.515
10.469 5.479
10.48 5.444
10.491 5.409
10.502 5.374
10.513 5.339
10.524 5.305
10.535 5.271
10.546 5.237
10.557 5.203
10.568 5.17
10.579 5.136
10.59 5.103
10.601 5.07
10.612 5.038
10.623 5.005
10.634 4.973
10.645 4.941
10.656 4.909
10.667 4.877
10.677 4.846
10.688 4.814
10.699 4.783
10.71 4.752
10.721 4.722
10.732 4.691
10.743 4.661
10.754 4.631
10.765 4.601
10.776 4.571
10.787 4.541
10.798 4.512
10.809 4.483
10.82 4.454
10.831 4.425
10.842 4.396
10.853 4.368
10.864 4.339
10.875 4.311
10.886 4.283
10.897 4.255
10.907 4.228
10.918 4.2
10.929 4.173
10.94 4.146
10.951 4.119
