1.30110128592224
1.91190794964194
2.10691201330733
2.28721816700206
2.39348856541706
2.56196659945984
2.6341218981376
2.83123969902007
2.88819217795812
2.95085020951891
2.98726492325711
3.05190851668953
3.06829042349461
3.10089925578079
3.14274024395389
3.27044086864821
3.34114911457047
3.34903581073891
3.40228989407123
3.40412410239957
3.44126287626541
3.44726232731239
3.46596980750418
3.58960269143918
3.60843516100452
3.67136894028796
3.69834642568071
3.83038056696904
3.85885770887019
3.89681634522233
3.90133969529396
3.97341034754308
4.03104152301163
4.06195069798686
4.09204116707525
4.11466202085373
4.12091999643371
4.12985508220685
4.16547826726553
4.18352738724272
4.19383773665795
4.19725855493059
4.26372046450054
4.27148353105646
4.27570282611936
4.29547674643408
4.30870251467024
4.32957086357771
4.33686158726792
4.34485289361941
4.34660726821274
4.37183070504278
4.37339540589173
4.41394423142151
4.4163135600611
4.42236911308183
4.45901268514027
4.46131031253759
4.52269223129241
4.52418437766861
4.57279802740114
4.5756815363505
4.63119146150826
4.63939905948111
4.6482872332248
4.65487274454285
4.70132486510997
4.72373175510919
4.7391098194258
4.74252495976745
4.74350883508622
4.74414601450978
4.75206973585891
4.77345023914282
4.78816452527805
4.79760154664596
4.80605548761145
4.80974994465882
4.80989590086379
4.82702310848456
4.83347525849105
4.83561349429558
4.83850779811532
4.84102824564602
4.8553447558466
4.86984531201608
4.87966966295719
4.88580195422108
4.90758230081421
4.91033019460747
4.91110072996926
4.91311887190437
4.93144754867242
4.94086812205885
4.96004451761439
4.96150226443805
4.96586153404055
4.97555840283312
5.01142351684906
5.02318479364703
5.05828778187018
5.08254418023044
5.08705033925968
5.09841306695739
5.10214750688933
5.10718022871628
5.1128523775852
5.11793747798735
5.12708765563723
5.12957098768184
5.13191997788476
5.1330657068875
5.1464984620144
5.14737285970838
5.1487425156424
5.15960195940675
5.16236314254119
5.16256752064419
5.16417484610773
5.16618226350447
5.17032712387689
5.17061312356121
5.17139182418193
5.18061785745058
5.18996853890519
5.20427964359079
5.20824659812107
5.21339751591944
5.22012061926464
5.2224474898718
5.22276182033854
5.24454589470185
5.25250154100688
5.25995453901992
5.2760725731355
5.28837398394576
5.32362771776261
5.33074791603261
5.34082177430112
5.34289005967024
5.34535144818739
5.35027465514861
5.35933594688076
5.36556764202032
5.36653102113544
5.37922830705061
5.39407490627378
5.39424473211205
5.40861196619857
5.41165030073355
5.41428085238
5.41638553660862
5.45849630886348
5.46289609003287
5.46384861709338
5.4664516520715
5.47613713473807
5.48908082819563
5.49024442013555
5.49049156806861
5.49589012061765
5.52376055820831
5.52619564434715
5.5480745994363
5.5595773486907
5.56141620923448
5.57613025598906
5.57732187126238
5.57833420035869
5.58341881112621
5.58724106998785
5.59654432585803
5.6137669600211
5.624249122467
5.62736060829525
5.64431186212142
5.64760500014126
5.65042620572395
5.65254997250343
5.67140904944243
5.67345289299104
5.68072453278492
5.69788200279537
5.70638558190092
5.70811512792671
5.71084001737574
5.71483143867265
5.72192241020265
5.72328386172981
5.72695686502256
5.75764202104299
5.77206499592576
5.77368608669982
5.78032808384614
5.7816294580451
5.78257755760345
5.80233230720312
5.80632086178032
5.80944917443272
5.81490467984933
5.82024887394468
5.82043704699125
5.82520573682371
5.8361636447578
5.83617767082301
5.83710767845786
5.84147580749022
5.86753845624958
5.87358306864053
5.87388560793511
5.87559751006534
5.88298439162346
5.8868984177452
5.889868715921
5.89940171119567
5.91138641072677
5.91138985604821
5.92009927224562
5.9318438525631
5.94269001363446
5.94639190865543
5.94971493231919
5.96021795714421
5.964564830617
5.97591143174014
5.98296110506435
5.98373187077905
5.98867323323256
5.99365232862806
6.00398745861472
6.00731866250286
6.01777854475618
6.02003832449128
6.03816141822878
6.04830720624288
6.04868529657572
6.05056737594403
6.08918900270756
6.09078635796397
6.09249771819145
6.09353072716271
6.09555439654759
6.09726490182025
6.09978094241628
6.13153971215941
6.14220077772034
6.1479425601682
6.15326188758189
6.153385019893
6.154531855885
6.16327203304675
6.17648835313663
6.2031142860678
6.22019734000509
6.2278179550281
6.2316107941202
6.23394234330204
6.23955273782185
6.24360459825302
6.24386930672773
6.26370184889156
6.27385591254206
6.27781720630557
6.27890514357164
6.29210803214116
6.29603657528084
6.2973807674574
6.29877398282492
6.29945210503961
6.30207747223489
6.30232619464719
6.30635624927307
6.310165858955
6.31782406802377
6.32476357464012
6.32878235976136
6.34190260856795
6.34799049959475
6.34987382133827
6.35300854452439
6.35569711026945
6.35791490263816
6.36537471995556
6.37283167602472
6.37442873291368
6.37847895696821
6.39307831545711
6.39685130715953
6.39701061856739
6.39713660697986
6.40759730977161
6.40803515441326
6.43965036470315
6.45442403957218
6.45860663969342
6.46271043328351
6.47743285300772
6.50347220565617
6.53312140637186
6.53386522792728
6.57320378965164
6.57828533820749
6.58727183940615
6.58740745561127
6.59470348207743
6.59692117079758
6.61373916265735
6.61424657160529
6.65144252347647
6.66846963505095
6.67571078704869
6.6838366876684
6.69047788146691
6.69069648271732
6.69390353665394
6.71629672348377
6.71788610639405
6.71826985233904
6.72192891843335
6.75501078072239
6.77832483532256
6.78213841464374
6.78225742768068
6.78749132824356
6.7902929468796
6.80218608376867
6.80823102181985
6.80880537104609
6.81051778339424
6.81215498447116
6.81867529587443
6.83150840359322
6.84174326160178
6.86444328734714
6.87030769973333
6.89993969963936
6.90701096891235
6.90932610892249
6.91449056176684
6.91618336752638
6.91693822109441
6.91778186596404
6.92074114918165
6.92107848142542
6.9246095057962
6.92787678048292
6.93760791668769
6.9382727534821
6.96031398301139
6.9742305743468
7.00941320565901
7.03017675648224
7.03073276485186
7.04188057287461
7.04263331889053
7.04798739991672
7.0588937743619
7.06948651859296
7.07399886224736
7.10685811694042
7.10687465390604
7.13396613751475
7.15453252201551
7.15537435391788
7.15739593482774
7.15866548118105
7.17630027890465
7.20043076276887
7.20086952762096
7.20096227187272
7.20423096686917
7.20619260923398
7.20987823579134
7.21449641196583
7.21515159641426
7.23315422593485
7.24489605260705
7.26436345047399
7.27578024303702
7.27773103346721
7.28312051565052
7.30108455762114
7.31479628198192
7.32658331593233
7.32750017345419
7.32998635761966
7.34269448203359
7.35612274030792
7.35926632866001
7.36014076559316
7.36117286764555
7.36912475115266
7.38314847784075
7.3950764164764
7.40428406701261
7.41528424801756
7.42527695271603
7.43458562878378
7.44143696207144
7.44556187568071
7.47159611075056
7.48782007337417
7.49550623033097
7.49569636963172
7.50909555315592
7.51951361002171
7.52636799801814
7.56117303899745
7.56446932340594
7.58831615227955
7.59607567829175
7.62647295818581
7.63348505668226
7.6412821079373
7.6440987939834
7.64853307061382
7.65484334386925
7.6570703875532
7.66035134510836
7.66356097089978
7.66583402817811
7.68856899799289
7.71314075934329
7.72475528601422
7.73926160663652
7.74813783004582
7.7585276549408
7.76507089423414
7.76567391772719
7.76767657303021
7.7701490370233
7.77787133437716
7.77920816317286
7.78860024711039
7.80371730151363
7.81437636541498
7.81564096068023
7.84534631996963
7.85030948920672
7.88065703652653
7.88295092296989
7.90230229669172
7.92711759181954
7.94623534795211
7.99332646832614
8.00128354447206
8.01817217840883
8.02210871682893
8.03119741860039
8.05441555728061
8.06120238712028
8.0621761649078
8.07748018907736
8.0833784778934
8.0950792078145
8.11866419396459
8.12463311577571
8.13919588569204
8.14434453462948
8.14816759715009
8.14974854907595
8.15708954354217
8.18067127312083
8.18245243707401
8.18572862028171
8.18853809614309
8.19440625146886
8.19492525296572
8.20047867765519
8.21020782439965
8.21055064630886
8.21100467930068
8.2117648744903
8.22923997823395
8.2423257437591
8.248694685589
8.26031291830613
8.26192851734551
8.26406754710721
8.2777902761772
8.29494872693075
8.31075570325587
8.31949204869644
8.32142849817784
8.32423577745378
8.33546435640466
8.33973633822663
8.35859387868235
8.36768984375881
8.37057542673988
8.38818103513587
8.40175467726526
8.40245045459415
8.40575085443616
8.40686476002269
8.41335563689068
8.41526828825182
8.42536130418986
8.43038257603707
8.46259021143333
8.49877597385871
8.5047950886678
8.5189254601392
8.52032737028824
8.53855075041353
8.54390571621604
8.54852791138829
8.55180827566847
8.56481781290985
8.59585341240595
8.65104948276474
8.66580831776596
8.67228036737686
8.68110260411401
8.6830793241319
8.69280506159903
8.71104333768512
8.73401218749665
8.79130007827023
8.79281398666774
8.79326557575548
8.80567426928974
8.82650610360593
8.84976889934483
8.85552570733834
8.87396630485857
8.89536836954361
8.98413185392493
8.9873654368167
9.00223410361513
9.02204993695899
9.03474002761261
9.03760173810666
9.04191439076126
9.04657935689542
9.05593064633461
9.12683989427996
9.13255125232124
9.18305515882466
9.21161727173096
9.24999265979816
9.27603932954003
9.28037913181235
9.31121639585421
9.3286374080711
9.32902013051183
9.33043035240181
9.33760572882458
9.34962952510974
9.37953117722764
9.42485262661004
9.44934200501906
9.46945920546167
9.47901138665296
9.51901015557735
9.52799850398896
9.54879578906513
9.62821924209868
9.65797215755878
9.66423194931014
9.69475817539284
9.71893367184354
9.79612235449653
9.80852091646319
9.95972869593199
10.0246020606482
10.0274975122826
10.0348157739801
10.0473917270169
10.1223712318751
10.1735254818566
10.2305171058648
10.2316993338396
10.2473994410836
10.2976526213702
10.3250398250694
10.3526930157032
10.3715545982912
10.3836231829802
10.4978701235184
10.5184854193966
10.5397018874276
10.5983418921114
10.6269283074264
10.7249926488491
10.7747080980418
10.8042430982419
10.8768751772
10.9205722459007
11.1117073165437
11.4238971142645
11.5031755819229
11.5697821652078
11.8951568332153
11.9370145126637
12.1989741975333
12.2092694394741
12.9448303243169
13.3428630929752
13.831889387382
