0.968644152966158
1.40416663799068
1.42403480691483
1.46987808089978
1.63478445821423
1.76286940256904
1.81143659525219
2.11739315669852
2.25822011651329
2.27588561511511
2.37336031423526
2.46662218112507
2.48595082299811
2.53233818991483
2.53413235575697
2.56203111380293
2.59364200608118
2.62213224330668
2.62322551906348
2.72540168545253
2.7996869017906
2.80923599243075
2.82630457660213
2.86966500428609
2.88137202853005
2.89155228372235
2.95933436780346
3.03219662576855
3.07535079038939
3.13364247914587
3.15159747926038
3.15290686401196
3.15522772610787
3.17674557773973
3.18448368890688
3.27960239596169
3.34893649472736
3.37918683354829
3.40332963006312
3.42943777777829
3.44009248104707
3.46544487112376
3.50342207508687
3.5067107864001
3.57800639556191
3.63870595454026
3.64369254671601
3.64561650060899
3.6497043381224
3.66566687036523
3.76812123713132
3.77815054971148
3.79492741582681
3.81063498371734
3.81084295106865
3.8240791609546
3.83005428620337
3.83180042838463
3.84653202939641
3.85118714062396
3.86277802541628
3.8737002270034
3.90745124709526
3.91947653448242
3.92051338177605
3.93344759233776
3.93957134865204
4.00412737551917
4.01108386335455
4.04390111743383
4.05292333885818
4.0589794576437
4.06379291952288
4.12107428708066
4.14819955224317
4.19091383447369
4.1932620900868
4.19561074343865
4.2002708078887
4.22694080633215
4.22890409636584
4.26256201866572
4.27048462674525
4.27773144189779
4.28638093889255
4.30171388887392
4.30312685796261
4.36546903377654
4.37801223686116
4.39105927829366
4.39565050011863
4.4137350970877
4.41969798174341
4.42461595069022
4.47550512383799
4.47842078778527
4.48941131810297
4.50554890226491
4.54027669632482
4.54193672478288
4.55738166883138
4.56372888040158
4.56862699028445
4.57476109756717
4.59469655330474
4.61033442559461
4.61763899298985
4.62371205319597
4.62597108653387
4.62760472313624
4.63168687315804
4.64288107137948
4.6753237658256
4.688923806924
4.70104889641973
4.70841331559963
4.71323771875051
4.71335315493418
4.7195737793113
4.72006161128999
4.72264082325555
4.7473965703928
4.75437028669296
4.78792116982703
4.79432853733461
4.7980764542139
4.80683530268938
4.81016004424946
4.82974058675746
4.85079149244079
4.85239422758273
4.85396560118683
4.86170624479568
4.86374084426561
4.86557737071681
4.88498444762447
4.8965306986216
4.91576234118704
4.91666472368812
4.92910097745033
4.93851785692454
4.94586812074705
4.95587321608044
4.96576865617649
4.96954304890376
4.97908090591155
4.98312625588039
4.99405785774103
5.00454667244467
5.00927022966655
5.01434449462843
5.02847055657862
5.04547858696423
5.05663027526097
5.05765266857693
5.05904712015186
5.06159452231545
5.07133894247995
5.07990484285207
5.0875804695429
5.09992455675988
5.10243113896017
5.11235068544157
5.13796319840484
5.13806791478544
5.13871915145498
5.13888364951948
5.13954219965503
5.15408291363957
5.15420889174243
5.16502120342881
5.16961204480554
5.18633595746711
5.19264888742736
5.19342268281018
5.19495898241366
5.1988171452276
5.22268379125395
5.2289988011555
5.22909278199996
5.22928772516207
5.23486990779667
5.23737638311475
5.23904639836159
5.24075563782621
5.24868011237279
5.29608022328981
5.30545924133899
5.30889265850206
5.31151698347595
5.3122829129424
5.31585333769588
5.32161592408752
5.33739839338874
5.33999032541611
5.34283964992415
5.34374291904597
5.35571472097816
5.35733103359063
5.36462921532079
5.36472335535833
5.37021692306815
5.37543807021473
5.37560978142175
5.37707774784923
5.38072963669085
5.38237067294374
5.39788470329852
5.39921122766146
5.40079001981446
5.40275147836047
5.40399657267189
5.40978741369637
5.42112031167673
5.42429951622724
5.42943965932765
5.43020058413412
5.43132055761455
5.43188207823611
5.43556943649699
5.45390313524646
5.45839188689367
5.46022735010143
5.46598224403547
5.46872048631958
5.47937360223158
5.48383400500534
5.4863462046084
5.48725374145837
5.48796626526817
5.49653582801354
5.4979567379602
5.50420670481864
5.51239772882761
5.51294816288879
5.51495145371708
5.51630769009218
5.51696301727564
5.51847917054606
5.5219748246302
5.52483053162735
5.52658442183166
5.5269042641414
5.52707873735142
5.52964754447526
5.53791324279622
5.54008683344475
5.54231081076132
5.54651616854022
5.54655483767087
5.54662715721257
5.55535338141811
5.55713383733378
5.5637122656235
5.56635104068494
5.56971935745757
5.57123232603653
5.59592029075692
5.60755467544835
5.60996314810235
5.62097982189634
5.62424777233319
5.62810168077762
5.63083917596403
5.63182897004663
5.63307462737805
5.63644406020433
5.65227998959575
5.65826033530526
5.6619180062088
5.66631448541821
5.66633811185048
5.66700914748945
5.66780528779751
5.6713179601665
5.67420716001286
5.68628126227364
5.68786038240698
5.70224099245629
5.70238750273523
5.70240523271873
5.70354769185036
5.70405820053343
5.70488565157815
5.70549432973674
5.70579469370976
5.71205154209256
5.71558169570878
5.72184296932101
5.7286459182446
5.72906308484262
5.72948698267916
5.73251821389307
5.73620110882324
5.74788790252697
5.75041208112848
5.7511753019945
5.75406098596672
5.75922112196154
5.76994820304059
5.77058772821224
5.78334812119181
5.80584128013188
5.8090518764848
5.81121396733669
5.81473170402518
5.81850010723028
5.83004023034908
5.83295742331753
5.83363951024505
5.8344731840078
5.83654922912653
5.83770455448659
5.84170545699588
5.84825433876652
5.84980750573553
5.85485987334571
5.85815789166445
5.85818591557745
5.85862115127904
5.86175594074041
5.86230093248207
5.86586869931076
5.86867035158997
5.871112464595
5.88002566738942
5.88132894047167
5.88718560796259
5.89379944917059
5.89731153947148
5.90282521386391
5.90615020193799
5.90886984679134
5.91403273470049
5.91817946186466
5.92118000029018
5.94272455489166
5.94737092756653
5.94953277874523
5.9512737773946
5.95364804779165
5.95605151365093
5.9618886271498
5.96246477283442
5.96314236638454
5.96603372673977
5.97000474487005
5.97042243291193
5.97082204182705
5.97186420326161
5.97406365908053
5.97521236749212
5.98239167880261
5.98356397731391
5.98650504964728
5.98694637026693
5.98799068123234
5.98852330564698
5.99330056564413
6.00533700228718
6.00708469044702
6.00792164431861
6.00854015013273
6.01143013832121
6.0192689686998
6.03255391107186
6.03926027883717
6.04644149745666
6.05059357752718
6.05673999960435
6.05977806206758
6.06058432722951
6.06194435783253
6.06575252660035
6.07521054024521
6.08086215627557
6.08243672970922
6.08354785254213
6.08531792433869
6.09326986498355
6.10351751418387
6.10922889786174
6.10926896836825
6.11323095249714
6.11660715521287
6.11920797438373
6.11947641351725
6.1308426342832
6.1330436860831
6.13328227301729
6.13511602109994
6.13787443245349
6.13847613205233
6.13851935902532
6.14087282558071
6.14555532172458
6.14607794229442
6.14642050976106
6.1467981001241
6.14866762122528
6.15152974994853
6.15697669230224
6.1579557331751
6.15872898541943
6.16200110495195
6.16226445135924
6.16796148641563
6.16885454039719
6.17099926147509
6.17138606658272
6.17517217737993
6.17576547561862
6.19000238430293
6.19534872733487
6.19928238749705
6.20616957306618
6.20678901238641
6.21885534393028
6.22302129392275
6.22944649591284
6.23064622431987
6.23156485919898
6.23609703907307
6.23615726394946
6.23643556306127
6.23926299749361
6.24012309914314
6.24733532189889
6.25023312275277
6.25264437457586
6.26384435862778
6.26560008711845
6.27395041368102
6.27480849261886
6.27549395737021
6.2783341827282
6.28147483326061
6.28577029382319
6.28605825458879
6.2882812270468
6.28960798227926
6.29205217225145
6.29334275207327
6.29537425794686
6.30422030643498
6.31202786902383
6.31942136901768
6.32456253179278
6.32527422842433
6.32763993183157
6.33097303954715
6.3323989509982
6.3335150210213
6.33691843795919
6.33699055288033
6.34160942186866
6.35724176832766
6.36236232548757
6.3633381863739
6.36626172040526
6.37264621501396
6.37899577246587
6.37988898067266
6.3823955626884
6.38415156525488
6.3860026392329
6.38782736691359
6.3894608539242
6.39652523525284
6.39845249879156
6.40061192842696
6.40159852438572
6.40502158801638
6.40950596766284
6.41002895999915
6.41391014581917
6.41540763541037
6.41940753391538
6.42171277819558
6.42398114177237
6.42508663490178
6.42532817082118
6.42885268908427
6.42888434867006
6.42970887048144
6.43148932457976
6.43727019580962
6.44383343889165
6.44473284971564
6.44491715385248
6.44744853235687
6.45146365840509
6.45156102148852
6.45276008698985
6.45565843639222
6.46121805316607
6.46380325587871
6.46876855511916
6.47440322250886
6.47496451328569
6.47586403521798
6.47955975416243
6.48315738689272
6.48493184926244
6.48598193291372
6.49162420154187
6.49268220858178
6.49385509611113
6.49599150278411
6.49963310435298
6.50288495157763
6.51296320552501
6.51801021168155
6.52136558271388
6.52159406947903
6.52978275862359
6.54034881455153
6.54097482160925
6.54274633505698
6.55207055984586
6.56157501258642
6.56262896587777
6.56583120822515
6.56811516395998
6.5691315116005
6.58083044578837
6.59277283499976
6.59377728316621
6.59994719915759
6.60030390821144
6.60377677485238
6.60433991331108
6.60863783482794
6.61254542956223
6.61254915527817
6.61375475812785
6.61474604114183
6.61656777180543
6.61671642583854
6.61828952757838
6.62341437447493
6.62372843224643
6.63125698662185
6.63137647963817
6.63145034707244
6.63385795800039
6.633897703018
6.63544661879104
6.63954307883612
6.64299354057084
6.64536254093903
6.64817816405695
6.65376312517392
6.65428412445991
6.65492892116984
6.66288560318898
6.66334428726493
6.66879392375182
6.67636972469721
6.68062257923009
6.6848355166627
6.70177485825207
6.70207373170976
6.7023549726431
6.70630284418329
6.71341252125034
6.71391191153804
6.71805202810612
6.71811116872579
6.72084900389396
6.72287435758272
6.7307728186369
6.73566921049096
6.73740866106914
6.73880585833292
6.74154843373403
6.74201469107971
6.74349991989792
6.74365096455241
6.74454423276606
6.74707945782283
6.74868103183734
6.7535441932859
6.75403231976342
6.75512779924789
6.7568348109701
6.76168891946699
6.76527180650922
6.76565677130139
6.76633941979565
6.76645566045012
6.76768400464956
6.77097194172828
6.77900686361632
6.78336054367306
6.78660655640543
6.80025276551607
6.80270873704186
6.80794279961147
6.80831851130804
6.8087506454822
6.81415526012732
6.81679831323723
6.81778759742735
6.81808533347332
6.82173028916811
6.82653214243574
6.83653207947884
6.83804988247312
6.84037665900884
6.8426416628176
6.84791385140038
6.8488813297869
6.85045302116941
6.85089287199141
6.85265210834626
6.85320796937641
6.8552489586662
6.85796094330472
6.86528244439939
6.86689245935129
6.86763760825555
6.87093260759496
6.87125070423861
6.87819596953512
6.8783973615467
6.88043688369962
6.88561559501471
6.89348584247125
6.8935174151311
6.89958288420537
6.90137727455861
6.90286009937849
6.9082568288498
6.90961366803422
6.91156974175043
6.91232852538983
6.91242337762415
6.91866617486397
6.92418685410372
6.92511327119118
6.92581894277947
6.92686085585686
6.93101301942555
6.93290434259579
6.93927555056978
6.93995676342211
6.94018082809229
6.94175978161561
6.94354920571428
6.94372061113441
6.9482653330603
6.95341351594714
6.95457561008712
6.9597526360305
6.96375624122068
6.96380615666968
6.96584024335858
6.96605751618717
6.97367892205698
6.97999130496812
6.98032915634786
6.98134966343392
6.98180775183074
6.98500275476565
6.98878341996197
6.98972039490678
6.99177054537709
6.99545544917339
7.00141840572652
7.00855570198166
7.01183265489323
7.01301763708373
7.01423266482979
7.02087028234814
7.02603136087834
7.02625959620831
7.02883165505017
7.02934736370215
7.03268816546315
7.03482390514917
7.03667081039749
7.03809207082506
7.03944833605942
7.04019624432896
7.04197197680572
7.04284761191978
7.04886834921273
7.05010393950605
7.05159931361388
7.05531473505789
7.05754048662727
7.06308623577897
7.06321603363789
7.06729839154393
7.06989361010378
7.07174751764266
7.07809876228219
7.08375933789656
7.08410083753769
7.0847127412129
7.08530323076147
7.08730679956308
7.08965806076809
7.09172459951197
7.09224226004232
7.09666334606334
7.10071399089308
7.10354428539041
7.10400450389514
7.10486787524361
7.10859754853385
7.12410155652658
7.12420144669536
7.12710810718007
7.13022542919987
7.13131963815425
7.1325288929245
7.13482207878297
7.13574773336127
7.13612663248706
7.14078258518959
7.14137589788658
7.14545255656004
7.15029280886964
7.15039362062151
7.15677484359192
7.15779925296284
7.16362410938086
7.16630211107836
7.16673359668007
7.16958625882782
7.17284713133985
7.17402226247077
7.17661733827013
7.17668799975003
7.17727343705577
7.19157436910674
7.1920178333821
7.19479416629692
7.19810607661385
7.19833411249015
7.19945950792128
7.20223505402415
7.20239096808356
7.20375676133368
7.20494688580473
7.20680380873601
7.21071013086003
7.21071558557795
7.2174393910825
7.21754758241717
7.21890453372915
7.22170583652199
7.22605359652252
7.22863152076183
7.22950566672405
7.23545195066084
7.23626990386575
7.23859112606351
7.23897127168288
7.24288820177527
7.24479716821655
7.24691398511477
7.24697045496534
7.24803126340199
7.24879347835209
7.25515223985459
7.25631002982632
7.25735483383049
7.26132329692878
7.26280232397459
7.26331933837085
7.26575960115339
7.26612172170139
7.27160323644509
7.27185949309568
7.27304770872616
7.27627835622147
7.27908014536259
7.281311685561
7.2854139699124
7.28655262039553
7.29035630001077
7.29712377510594
7.29811285097344
7.30481111037955
7.30616666180491
7.31021314944938
7.31373781743285
7.31388618155806
7.31432723698989
7.31525406064565
7.31602038790774
7.31868178569926
7.32006231009418
7.32118118716589
7.32327458816379
7.32484612458499
7.33080588949738
7.33458169331961
7.34071652421537
7.35177289396175
7.35266330341383
7.35290360526011
7.35461585387663
7.35783229446738
7.3580304293568
7.36038885159823
7.36041539812645
7.36288410490102
7.36351979757026
7.36459143883333
7.36793279277677
7.37365004657747
7.37690280023416
7.38098677480272
7.38319235771228
7.3832417073285
7.3863574020043
7.39079736365552
7.39214106171174
7.39438995741283
7.39461422384196
7.39485282636269
7.395883237693
7.39622378283878
7.39748194857501
7.39897742445368
7.40292238787179
7.40293820367069
7.40341799177854
7.40366650038853
7.40397494524277
7.4089483806876
7.40907827365376
7.41340994353019
7.41394499334553
7.42247153866153
7.42307019495209
7.42578732626097
7.42741568536028
7.42847239871429
7.42868838380586
7.43060896135928
7.44237071639115
7.44789795849988
7.45136816475699
7.45520901957185
7.45934687081827
7.46102726046293
7.46323799516825
7.46988833768048
7.47337734284831
7.47946356426786
7.47997946519431
7.48100253257013
7.48326324862682
7.48627115330763
7.48815381045029
7.48969495292346
7.49155182491257
7.49489417526378
7.49662488987158
7.49788174057248
7.50716728812796
7.51134621512329
7.51657376993434
7.52152854026265
7.52207300536901
7.52232410166475
7.52251220078038
7.5295772477936
7.53425310805608
7.53496153327091
7.53536437046206
7.53579387721002
7.53609011618364
7.5378234988354
7.53792702419736
7.5394919207432
7.54467071181807
7.54690044684104
7.5513679099778
7.55154377776624
7.55230070074222
7.5527121697841
7.55295928897096
7.55501456076403
7.55735542171176
7.55840736779653
7.55883513740088
7.5639299080708
7.56573873751265
7.5671731758304
7.57031213906323
7.57193419321355
7.57417860262813
7.57978067914227
7.58497381528051
7.5887470815648
7.59448345878052
7.59687517147352
7.60073039550684
7.60335054410524
7.60623582628136
7.60678807041138
7.60988978634634
7.6189348795086
7.6213374778046
7.62696235083525
7.62761963932398
7.62817204861438
7.62976296791279
7.62976401856787
7.62982274043618
7.63221272342013
7.63539920284451
7.63701255724768
7.63776006751216
7.64341650472561
7.64482553961513
7.65078454428964
7.65760094463067
7.65811793285711
7.65922376445088
7.66034201679632
7.66186422080371
7.66368772870668
7.66471090199866
7.66844522595629
7.67367392761956
7.67446573810505
7.67579925061568
7.6767563991954
7.67860041614587
7.67880392294026
7.68333256320885
7.69707277589909
7.69806716522516
7.70280872574111
7.70494560629682
7.70528809371134
7.70678067351542
7.70836700199221
7.71109653637958
7.71163281948883
7.71180601442962
7.7165413447633
7.71755791104763
7.72089389849946
7.72232036053779
7.72454751190991
7.72531188657493
7.72583523857062
7.72646519473106
7.73115995236189
7.73322579894554
7.73570968939878
7.73598625404369
7.73762230582562
7.7392672201598
7.74723661491495
7.7474815050961
7.74794038864953
7.75084872574658
7.75139366321284
7.75643995686143
7.75921635072184
7.75949990067956
7.75985963290675
7.76844641503574
7.77206523392799
7.77258013219968
7.77329724842353
7.77415253636624
7.77672520053983
7.78165957214912
7.78190006898835
7.78257491514055
7.78313755267044
7.7851680661939
7.78596376882952
7.78925492738643
7.79018977777094
7.79331924125683
7.79435511343887
7.79459470397353
7.7972705312839
7.79840701826777
7.79929462819514
7.79972500687581
7.79990935087567
7.8001735549933
7.80438177175073
7.80555245741234
7.80950991115474
7.81038523309982
7.81220402570633
7.81273583290309
7.81917720391839
7.820386090679
7.8207213634115
7.82143474446047
7.82276781637599
7.8256246566067
7.82797887745977
7.82869480377583
7.8310136970271
7.83747637500309
7.83849316334984
7.83854055676677
7.83889382493351
7.83950279084366
7.8395359692549
7.84024533864434
7.84522428338143
7.84908663028867
7.84915547912034
7.84924545274801
7.85323826953725
7.85450345067993
7.85585980314557
7.86336890867828
7.86388524719389
7.869560089513
7.87035539612626
7.87181408542532
7.87234259640371
7.87956174181484
7.88535690768901
7.88679949156574
7.88922208363992
7.89028012942952
7.89251526201627
7.8929895198104
7.89379376351861
7.89438430738518
7.89545582275626
7.90394965655162
7.90823011494904
7.91179887938847
7.91291618582278
7.91357587977446
7.91548999074684
7.91561877852887
7.92157818095315
7.9245297147532
7.92486461267799
7.92943332446387
7.92972968164714
7.93852381866521
7.94425645409663
7.94506064520781
7.94574428375206
7.94604356299708
7.94611070439499
7.94651686561551
7.9475727247968
7.95247707107577
7.95345432565355
7.95409007451124
7.96444316274231
7.97496014217532
7.97574288908337
7.97619956639206
7.97936220507835
7.98155460937333
7.98524190198184
7.98891220534862
7.99153181509449
7.99392462723788
7.99430492985907
7.9993577184041
8.00715681845795
8.00961351854031
8.01199816958884
8.01514409508757
8.01960497676249
8.02182158022936
8.02274305250722
8.02352119606102
8.02544496685617
8.02642521373964
8.02830399083193
8.02899212763474
8.03056546392298
8.03215121140561
8.03950713572905
8.04437116097476
8.04497489636826
8.04652427100251
8.0485715875875
8.0492222168739
8.05232056394544
8.05451249431368
8.05568033840526
8.05581513680873
8.05901416348692
8.06035697216116
8.06654528399098
8.06809033176886
8.06900544384584
8.07018112989658
8.07071144259082
8.07128132189004
8.07193486529418
8.07366658248083
8.07497596460293
8.07703916639639
8.08160433364928
8.08426048674403
8.08447162833503
8.08448907660896
8.08635283511381
8.0922362834961
8.09632634682377
8.09681568536132
8.100075587755
8.10048052447712
8.10184525327394
8.10199390569059
8.10370552252622
8.10455219567581
8.10469708246908
8.10586326196312
8.10771012009029
8.1087715460117
8.10911445174752
8.11300864106065
8.11344760672561
8.11768117447176
8.11847226882829
8.12095673330954
8.12290405781872
8.12453887078765
8.12460244116452
8.12832585549802
8.13373231467288
8.13405893291618
8.13454132313305
8.13478257940274
8.13830233861706
8.13857407083593
8.13905542275165
8.13928269354085
8.14051554097255
8.14377146169394
8.1451718093062
8.14902850600486
8.1514427409975
8.15216566498844
8.15276958183306
8.15296098494499
8.15301252951875
8.15306806209325
8.1533496792813
8.153907469517
8.15543628067107
8.15898167286866
8.16122914753101
8.16814587822868
8.17042207508956
8.17456606667227
8.1754870403656
8.17628539648847
8.17831399842437
8.18197627793776
8.18350686474756
8.18919893603334
8.18984508133275
8.19152186425542
8.19394128017332
8.19781287895189
8.19830321102385
8.20434351721942
8.20470074705418
8.2051673776658
8.20571106082094
8.20908839284905
8.2104839227798
8.22027041638419
8.2302618150869
8.23060450885828
8.23089725457275
8.23286030035004
8.23582781611327
8.23654483136348
8.23727382760452
8.23988474251191
8.24332060328812
8.24836224825104
8.25652186133396
8.2620102462272
8.26413227640565
8.26536661275458
8.2667511773808
8.26682773535181
8.26691136248638
8.26781399372327
8.26852842065392
8.27246273635754
8.27385962569306
8.27963688507209
8.27986599335531
8.28458134211934
8.28736872614278
8.29052645511706
8.29420075949314
8.29434355916407
8.2954383442972
8.29960933487895
8.30026667104708
8.30148029337409
8.30148045766872
8.30237857677589
8.30296294655759
8.30302077480041
8.30497462856188
8.30563365784117
8.30773015110598
8.30962547866777
8.31333554563824
8.31400339908721
8.31633309225998
8.31824398888711
8.31873834648096
8.32048005444761
8.32115633954255
8.322795710621
8.32311904134124
8.32621139034703
8.32874992001928
8.33228677729231
8.33392818771316
8.33474538627812
8.3374231299739
8.33760443556121
8.34117834378685
8.34223729765885
8.3446710690745
8.34535418197767
8.34581276885805
8.34730643385852
8.34765197501039
8.34940588506894
8.35096476025381
8.35146394990283
8.3517769962669
8.35207259419099
8.35720887375533
8.36154665278749
8.36318530041499
8.36328551748325
8.36447509901302
8.36604344011896
8.36901332882174
8.37384564149126
8.37389037090731
8.37588667661131
8.38064430893754
8.38366378940772
8.38480976210668
8.3884784688768
8.39326746422054
8.39745265302363
8.40073966121939
8.40114842415753
8.40139195984051
8.4068900218506
8.40910329157331
8.40964068391116
8.41066610703604
8.41243124310014
8.41346113451883
8.41350423899887
8.41528490601761
8.41540756800644
8.41760266333994
8.41764976555838
8.41787848595831
8.42214063270046
8.4296864160909
8.43273779586188
8.43533113674681
8.43697853809933
8.44022979072839
8.44027738115587
8.442380904634
8.44347161091962
8.44857711827543
8.44920768135547
8.45152151099336
8.45162680616838
8.45312584952641
8.45585133925627
8.45670278858189
8.45986183926283
8.46133937441693
8.46497822108955
8.46509585076601
8.46819676576058
8.4691023888023
8.46928537803696
8.47018515860169
8.47347814392064
8.47501516489115
8.47604974770748
8.47768047308844
8.48234380805185
8.49085990861467
8.49303533866624
8.49331234501441
8.49583701143442
8.49968942438664
8.50164039052307
8.50480321975934
8.50568449797798
8.51002485354395
8.51023117370546
8.51242150259974
8.51485174258
8.5154144923959
8.51839010394217
8.51877276683815
8.51964510718466
8.52325476276805
8.52519854359412
8.52528555378567
8.5265586575634
8.52809429884164
8.52899696654869
8.52973330962625
8.53034429564934
8.53119853721854
8.53411488038727
8.5341425981349
8.53643401432315
8.53801605549548
8.53918035450018
8.53929635170617
8.54666278029129
8.5473101224034
8.54766273099588
8.54789531322171
8.54918335628965
8.55125783738909
8.55298860089689
8.55520421027141
8.55531187555194
8.55535483795858
8.55816787774287
8.56731504208976
8.56815350080067
8.57184677363898
8.5751460943278
8.57964820953135
8.57976500829886
8.58139216507691
8.58157226618807
8.58386436986461
8.58461868599944
8.58478928103296
8.58741202028606
8.58851180599193
8.59082101557155
8.59138296114392
8.59240230283199
8.59696608941481
8.59846756268088
8.59878617611697
8.60043195603582
8.60415939018321
8.60456400157039
8.60610954374571
8.60686627508597
8.60869768263968
8.6093192562954
8.61025401450858
8.61106831721971
8.61416515830858
8.61643777705545
8.61695728297156
8.6177168454944
8.61924737996682
8.62335291304522
8.62671997644388
8.6268186616239
8.63132473679488
8.63472777166936
8.63487878646966
8.63605700028151
8.63925943131804
8.6396961838785
8.64266681864489
8.64315076735355
8.64541058548816
8.64650291973937
8.64917774118553
8.65089768208098
8.65660150732785
8.65670131747574
8.65815795718366
8.66180251893357
8.66269577322683
8.66292464852396
8.66356060329039
8.66382503268011
8.67435731793246
8.67482437533985
8.6783225852695
8.67947774800662
8.67957754575024
8.68210740740998
8.68390954110643
8.6908239590914
8.69801246391177
8.70048880603316
8.70141503949953
8.70170436075797
8.70225207865785
8.70374208788049
8.70423623141174
8.70485330152833
8.70495411189605
8.70595562395145
8.70669501597261
8.70682254432492
8.7107110114314
8.71170605217363
8.71697092471608
8.71708681989439
8.71745518678285
8.72150502395989
8.73075323543793
8.73368117707295
8.73885808910676
8.74139965772061
8.74905339064799
8.75320795533504
8.75365549696111
8.75506965889372
8.75547482602612
8.75627457005702
8.75698992460182
8.76200763888706
8.7627122625519
8.76671080733197
8.76699820068652
8.76897856126239
8.76963855366545
8.76988317049649
8.77073027805865
8.77289888923418
8.77564070104584
8.77815160170702
8.78256163015995
8.78697087563871
8.78804886732527
8.78902190391897
8.79042199416534
8.79472614167191
8.79498181003438
8.79968569299943
8.80017979594499
8.80101984702825
8.80152420833059
8.80198196951706
8.80479010004716
8.80546413305938
8.80556898573976
8.80647859389969
8.80697738596263
8.80730463274693
8.81019816371685
8.81057964201012
8.81210515638594
8.81601204579818
8.81680506834072
8.81860978375085
8.82567818251477
8.82751587890342
8.83012940628298
8.83162020321786
8.83321641669866
8.83416710316396
8.83519307208313
8.84063548878935
8.84446236125758
8.84450874553377
8.8478902165052
8.85089965801857
8.85235969725797
8.85619722149102
8.85678476914377
8.85932640369124
8.86303589219314
8.86656379276569
8.87297968246342
8.87313442799655
8.87796879781027
8.87810042561925
8.88100824880284
8.88188808139271
8.88258289044507
8.88355448485639
8.88591340050837
8.89859384279863
8.90171877209392
8.90280602856227
8.90433996948029
8.9060671790114
8.90715415856495
8.90771583567533
8.90777505161017
8.9087827675884
8.90970001013105
8.90982766940829
8.91230078856965
8.91568451414271
8.923409602689
8.93973585579987
8.94186224041041
8.94479244948696
8.94872237926754
8.95109484904558
8.95612620483397
8.95752919250742
8.96367184938441
8.97181932229374
8.97217262114228
8.97505074224085
8.98665773539227
8.99027793999669
8.99425473937936
8.99841607821643
9.00063035297495
9.0006778671689
9.00115028677193
9.01138522992754
9.01516213175656
9.0156021965168
9.01602208401965
9.01625159102119
9.01773901514638
9.02105965436069
9.02126316776708
9.02322805655284
9.03445437395785
9.03453505126709
9.0375643062446
9.03829297881116
9.0423691232039
9.04426894966407
9.04473634641701
9.04849689051052
9.04870347052205
9.05013808781789
9.0527807572357
9.0553418685925
9.05620820654672
9.05788834621515
9.05888617584128
9.06107778101601
9.0615566632027
9.06397930714603
9.06683535551223
9.0714333806296
9.07427882993762
9.07461836767432
9.07945990023378
9.08486926105273
9.08527576603734
9.08579018400186
9.087002496173
9.0875870742916
9.08938847085866
9.09199199099521
9.09478656123841
9.10104255285677
9.10157407719225
9.10571294148404
9.10620480934262
9.11231394916476
9.11309712392425
9.11632814914038
9.12185772467943
9.12629436014198
9.12877976988063
9.12999084256149
9.13394940858092
9.134809686728
9.13609063059186
9.14202505280842
9.14532778956432
9.15314022538626
9.15549169021276
9.1577258597095
9.16028868652919
9.16180024288486
9.16229512085908
9.16262610650089
9.16359112411732
9.16619387983214
9.1675897584844
9.17253114976341
9.17262099159345
9.17352939804426
9.17397901270713
9.17408938822238
9.17498108028635
9.18588264825355
9.18758395190688
9.18803468064719
9.19357704957358
9.19876539133332
9.1995495037043
9.20525275397148
9.20532711075882
9.20542465537356
9.21211062195835
9.21228272090775
9.22339359315951
9.2237414012018
9.230802570677
9.23169742807609
9.23562257392131
9.23594508703614
9.24129539649553
9.24422683110866
9.2484659230947
9.25154630129046
9.25296494074679
9.25828129552274
9.25955215767783
9.26034577884094
9.26383175178362
9.26466024536646
9.26811519594629
9.26853292328441
9.26926199662319
9.27008735018136
9.27613480642028
9.28249558145839
9.28362753142263
9.28372069344327
9.28414251100395
9.29250453899975
9.29337703035076
9.29397733746534
9.29827349334598
9.29904030271639
9.29938264616278
9.29986969668035
9.30173643046396
9.30381296234631
9.30587812541639
9.30951792258226
9.31085211398122
9.31116694543515
9.31145442621937
9.31239748913599
9.3146781698911
9.31506362257952
9.31831661848665
9.31843893724607
9.32243702947425
9.32840712895932
9.33740668263493
9.33931121698872
9.34025933050492
9.34149932835044
9.34431775990612
9.35058101034187
9.35338899018478
9.36444336093277
9.36632985398758
9.367180810719
9.36748294209305
9.3703458781935
9.37120524218691
9.37120830730219
9.37220704922854
9.37332650297692
9.37470883747553
9.37538923958817
9.37675459225817
9.37969807290308
9.38583827463746
9.38718732323621
9.39127908708475
9.39173998382812
9.39223253628175
9.39350063766144
9.39436992118166
9.39543611246704
9.39630016914325
9.39659568750112
9.39902637905942
9.40025673528408
9.40213213234793
9.41194375665396
9.41444946555208
9.41456574637767
9.41555782144431
9.41581062855938
9.4161522647359
9.41639963928282
9.41675823191771
9.42368722302181
9.42531511273403
9.42791265777915
9.42800559651881
9.43257077509207
9.43437149812246
9.43530034705002
9.43558149203635
9.43652530167853
9.44587583287283
9.44679685716318
9.44704932415033
9.44851768328458
9.45474460538623
9.45476677278348
9.45476729671991
9.45830422202356
9.46168502934921
9.4621390082878
9.4621479279897
9.46295001486637
9.46519012876558
9.46678268785662
9.46740712374702
9.46838089683905
9.4698155954278
9.48583786239764
9.4940676693634
9.49572530327409
9.49678554466844
9.49680005093815
9.50181517733708
9.50204095240626
9.50266595816261
9.50331205034127
9.50448856059157
9.5065955926316
9.51450671858292
9.51765422607772
9.51936397403078
9.51964969995017
9.52396245717822
9.53163225870207
9.5327649209579
9.53465755531225
9.54030536570115
9.54573103584726
9.54623680494648
9.55156735365871
9.55313886537991
9.55533098813703
9.55961448108078
9.56026016614005
9.56138514270533
9.56643382602025
9.5671629886216
9.57363856793412
9.57459945765308
9.57604037855014
9.58020935954366
9.58287629266779
9.5852420572645
9.58580378019438
9.58676208699185
9.58747571482155
9.58907298854065
9.59100384041764
9.59433096201442
9.59539671737911
9.596054869976
9.5970354588101
9.59864954795957
9.60048772472951
9.60531780817708
9.60998918059571
9.61705251060934
9.61948735161303
9.62036062172167
9.62495646943824
9.6272394333897
9.62838657483319
9.62844653157561
9.62948930437483
9.63451007506674
9.63588088231082
9.63611760751909
9.63663217709479
9.63682614764656
9.6372030024679
9.6389220884716
9.64064700855426
9.64069968205804
9.64273661142479
9.64415289430238
9.64508898976537
9.64547381841328
9.65155751887474
9.65580642114224
9.66039178153435
9.66137479484976
9.6703267090851
9.6723851859455
9.67547556485841
9.68450786963333
9.68543263167764
9.68964803150989
9.69241643399222
9.69636081539074
9.70119139417754
9.70520413215577
9.71104962466021
9.71466748778738
9.73002914352446
9.73121588718518
9.73294360758712
9.7425496496363
9.74256690265778
9.743126108743
9.74359756669827
9.74516241824486
9.74910368828101
9.75119938232719
9.75419006799887
9.75490846157035
9.76234312903586
9.77017762002931
9.77397436651295
9.77484808698228
9.77861058214059
9.78289236492067
9.78311191291777
9.78321875361309
9.78329862401713
9.78551698937902
9.79488661157569
9.79797778300146
9.7988472513048
9.79957256887272
9.80213397452157
9.80693909873391
9.8070678386972
9.81611146466988
9.82463895086841
9.83124662704458
9.83655116263351
9.83727046520015
9.83861967813911
9.83925825998753
9.83964145041426
9.84330215041035
9.84523862280663
9.8468771176266
9.84743138170315
9.84806523412423
9.84915328511351
9.85053836627934
9.85602939657422
9.85767890421077
9.85861889927254
9.86455292919984
9.86525387532624
9.8666801003265
9.86876428861299
9.87166204866694
9.87486296480185
9.87698086366253
9.87917800130766
9.89258809342037
9.89513368678625
9.89984289257076
9.90259181803733
9.90724377475234
9.90849016660125
9.90945623199688
9.91120491434246
9.91148248763212
9.91499174434066
9.91754947624689
9.92334779072342
9.92434220415629
9.92498146863955
9.92520328397983
9.93009699328879
9.9320829658085
9.93256945028266
9.93612586152899
9.94239147737222
9.94334986927001
9.94405367885274
9.94431180852038
9.94851775630863
9.94906435733491
9.95131651966388
9.9561227443018
9.95625571619462
9.95627514497819
9.95684316748452
9.9679502112076
9.96997982854197
9.9725914290703
9.97534077527506
9.97699818171029
9.97725314387857
9.98151401042278
9.98204446151069
9.98499552634507
9.98561958800102
9.98774461408698
9.99128424688286
9.99218951538722
9.99308550652494
9.99322735695931
9.99616598448006
9.99878729831251
9.99881443703723
10.0010349910428
10.0013737713267
10.0027299043317
10.0039536416876
10.0146494811998
10.0161270994503
10.0193369921306
10.0195165937241
10.0206973697199
10.0257195231758
10.0277056323625
10.0442977531613
10.048648211815
10.0583699634633
10.0588737136307
10.071035730928
10.0803556521285
10.0847361356277
10.0882413092541
10.0954645190083
10.1049203009737
10.1049845937411
10.1051937296342
10.1068962681069
10.1116515815092
10.1133498563025
10.1179899281419
10.1234127701165
10.1267418394336
10.1278632538352
10.1318351823481
10.1335194358107
10.1367477961736
10.1427384928938
10.1439420547009
10.1442167245369
10.145197171836
10.1489905816794
10.149065451117
10.1492698641246
10.1500306015019
10.1572800678424
10.1576873714365
10.1578607870578
10.171356798338
10.1721008461798
10.1721615448614
10.1739819981487
10.1779184038449
10.1853843167295
10.1958238267196
10.199533266424
10.2007227827593
10.2014105824844
10.2041696765164
10.2042693220233
10.2047816817263
10.2084175988197
10.2201406488435
10.2207229336483
10.2248600450606
10.2311244614484
10.2314335143058
10.2323802711224
10.2376847409871
10.2470106957419
10.2504967344757
10.2509175186795
10.2522577201842
10.2628850999471
10.2714621310805
10.2716812378203
10.2727994870516
10.2729123188425
10.275926672704
10.2761403426988
10.2765826370407
10.2780114143072
10.2834863375729
10.2915035783257
10.2938229983805
10.2987158399803
10.3026080545559
10.3071233332506
10.3190211161478
10.3233788474954
10.3281633439047
10.3335752250349
10.3485541164371
10.3516821665596
10.3542350082724
10.3546550709374
10.3550600063854
10.3566197307255
10.3599557018422
10.3673647852263
10.3688635258983
10.3704644933067
10.3827031122124
10.3870263193186
10.3949711911807
10.3957979354488
10.4139810596108
10.4178538069917
10.4192507735967
10.4239232696911
10.4297685840429
10.435565780269
10.436041400935
10.436094223591
10.4364146700306
10.4396056728263
10.444297202558
10.4546461809113
10.4603111004828
10.4752436589182
10.4767336260947
10.4783622852911
10.4807169295624
10.4816432553658
10.4860936196518
10.489572427641
10.4913513506822
10.4922976549249
10.4953136745648
10.5035314784626
10.5104661458734
10.5112792638929
10.513379354839
10.525567732071
10.5294633305474
10.5297923308089
10.5374655602516
10.5379663087525
10.5401030325707
10.5407135967588
10.5465537049158
10.5504629065487
10.5525503177572
10.5530258574392
10.5550511654021
10.5673451102017
10.5715266388499
10.57321581611
10.5808679309422
10.5847791785135
10.5899229892636
10.591168562688
10.6068928163148
10.608058600506
10.6194257705095
10.6203214249536
10.6225337369829
10.6230210126328
10.6279824662715
10.6283271154907
10.6319070511083
10.6329950490834
10.6376057765359
10.6501164932799
10.6535237484756
10.6547953345073
10.6630057356512
10.6695841899142
10.669886160067
10.6801610283018
10.6838102084911
10.6856444236039
10.6913472270364
10.6966901177633
10.6995412413175
10.6998295814862
10.7219889635639
10.7231209194046
10.7266767985325
10.7287059399949
10.7314853187319
10.7327005344661
10.733312227818
10.7393817763879
10.7423355277121
10.7445931088673
10.752585011485
10.7531100914694
10.7573073342308
10.7617881574418
10.7646096614782
10.7879607679749
10.79791328499
10.8136966431452
10.8153132503249
10.823742894657
10.8250652013192
10.8360560264601
10.8398436535941
10.866502759589
10.870806657379
10.8730569505788
10.878119023173
10.8788626741483
10.8806038407021
10.8807654558547
10.8982113535327
10.9009005951017
10.911325761253
10.919450723038
10.9230522109514
10.9232634582257
10.9327418245571
10.9367741465801
10.952691344769
10.9555419456522
10.9567360478237
10.9656776502137
10.9662042360906
10.9684624169549
10.973291679006
10.9768754175282
10.9801395766906
10.9874506973246
10.9946385351485
10.9953161507612
10.9956032444444
11.0038986324853
11.0073067601355
11.0162306380277
11.0171177450441
11.0173486690615
11.0232682509001
11.0304466753452
11.0399557522795
11.0401468314079
11.0437196246877
11.0464281590569
11.0532179727829
11.0555998810813
11.0577693100026
11.0807162623404
11.0807376918536
11.0837449990188
11.0844930582425
11.0849520772483
11.0860127369987
11.0871904071228
11.0999741830364
11.1074092764511
11.114585490724
11.1188493860208
11.1190908638823
11.1289384992939
11.1327340826878
11.1570476060789
11.1620795461636
11.1706602257796
11.1816156912189
11.1821178967918
11.1948464515941
11.2005960159676
11.2121861315042
11.2135547692115
11.2164962179871
11.2261180343902
11.2324011809279
11.2407327975956
11.2409223144511
11.2481047417216
11.2568072182049
11.2658156575464
11.2694319459311
11.2852691276348
11.2887109888626
11.2905916220183
11.2929009738086
11.2987186571178
11.2989670005045
11.3012449757071
11.3015439762809
11.3226592209612
11.3239154943076
11.341238266436
11.3448875477525
11.355588717756
11.3629512903449
11.3664214964797
11.3804316481329
11.3921651080087
11.3941567782282
11.4049250340953
11.4146153081648
11.4209519775687
11.4292996320612
11.4494100447611
11.4527695923389
11.460736298226
11.4624716055437
11.482391597995
11.4828132620705
11.4835963433795
11.4894064139991
11.4977355628057
11.5035155372175
11.505448528072
11.5098109122871
11.511377718943
11.5210764040933
11.5428749644347
11.5566946887626
11.574190517961
11.5885175937076
11.600321492025
11.6012162659837
11.6030260981345
11.6116188884847
11.611909389333
11.6133215885217
11.6141321057394
11.6201565668641
11.6215341402335
11.6219502831053
11.6219915593282
11.6264582731988
11.6294540219211
11.6391712048199
11.6725496451071
11.6781573094564
11.6832881486085
11.6842352827558
11.7096617114706
11.725504753821
11.7272181699819
11.753676372188
11.7865590597079
11.7934997938345
11.8008117822497
11.8043120152605
11.8241990197294
11.8297717717368
11.8300944405647
11.8469264365258
11.8528216479752
11.8550838391495
11.8604239772376
11.8628486655163
11.8700422806134
11.8830335038373
11.8870055894639
11.8952533902842
11.9393417468841
11.94709515581
11.9565542806787
11.9679096597059
11.9737906786118
11.9841961568435
11.9987996766078
12.0095181107129
12.0177287850467
12.0239569760302
12.0363829324419
12.047033412767
12.0705533250806
12.0739655609364
12.0814207008832
12.083494137377
12.0977894146046
12.1275667259534
12.13380343197
12.1485011738806
12.1677755548399
12.1747557762863
12.2081436087209
12.2158152462398
12.2205929844743
12.2242734166419
12.2362945860758
12.2525371260971
12.2538029952558
12.2586983136276
12.2803822833698
12.2848920284144
12.3272773596554
12.3493533318881
12.3496604832487
12.410328368772
12.4543167206614
12.4592549467029
12.4598100784571
12.4604134241126
12.4652152199957
12.4691003442619
12.4706963919676
12.4866714209945
12.4908528818397
12.5079397487341
12.514091788908
12.5142872680918
12.5163763020223
12.5296339496409
12.5337038733681
12.550657189829
12.55082968363
12.5788852843796
12.5895883595573
12.5947248112964
12.665450522618
12.7093161319182
12.7108802668098
12.7239226315547
12.7713927514313
12.7857906583688
12.7876168593655
12.7951066294217
12.8040743419892
12.8161464460607
12.8574152150201
12.897722569398
12.9253807382176
12.9267915539176
12.9519810370678
12.9542978229714
12.9814930572528
13.0319352919043
13.0461364720861
13.0561485160252
13.088979880267
13.1723280047499
13.1839116335931
13.213953981639
13.2452599500971
13.2671802756367
13.3392413425893
13.3596630573076
13.3656813337317
13.421614059598
13.4828231206202
13.5112763535849
13.5404756694169
13.5523856312509
13.5714084640311
13.6028905180002
13.6596601144801
13.812743233359
13.9823918980602
14.0606660678006
14.0849358320847
14.1041337034201
14.1273746396794
14.2591580946894
14.3676813484501
14.4042201571561
14.4264713430838
14.4425935270703
14.4467599370354
14.8688196372935
14.9405804950119
14.947901920638
15.201808753541
15.2408458139962
15.2567785440823
15.2609454862748
15.2946747530203
15.4506588184111
15.9894177508763
16.0111786621477
16.0915418459742
16.149541189921
16.3419079960378
16.6697662637603
16.7652762239183
16.8211476024047
16.9022255417439
17.0566296574443
17.0812490929956
17.4518620506405
19.2409587372943
20.0023454744487
21.954607444877
