0.347830839555402
0.374285424593836
0.409025178735505
0.411590476896715
0.806454731400447
0.886548701602067
1.02240387676566
1.06773009181681
1.58072763590896
1.70474129785091
1.73229869980926
1.74763860812167
1.80463030352704
1.84112846055601
2.00072694138218
2.16917695436141
2.2131749459706
2.48892166028729
2.50184770374631
2.52178109530564
2.6661258031147
2.80986003222882
2.81105833238913
2.92453361228638
3.16280828852622
3.16657692488037
3.18244829113612
3.23968462268591
3.32832865175967
3.35375659400138
3.3767716553928
3.39286325482297
3.39443344023337
3.39625744581882
3.45100995045533
3.46492459073429
3.46533362968155
3.48092045100766
3.48790294978479
3.49552781947313
3.50084385344191
3.51688941813915
3.53205566035198
3.53977056720169
3.62616383186541
3.6281728651783
3.67913457918969
3.73388566229436
3.74511192742425
3.75079584417796
3.77347751490008
3.78757847512172
3.81371616378504
3.82149194245001
3.85494378819341
3.88181107357369
3.89073601037032
3.9118989975337
3.9661591484457
3.99990536419674
4.0498908807335
4.11598925908194
4.12408244770349
4.17786769525822
4.21889245305384
4.29955239925661
4.30619404103364
4.3062422071081
4.32621395626108
4.34949615532926
4.44700864639572
4.48244269312021
4.52653532379906
4.54679231581358
4.55128231861406
4.55748690629366
4.5846475825291
4.5872034232298
4.63229770770155
4.64503320252025
4.77575894271248
4.79708768971939
4.89239864945733
4.91490808359298
4.95160300408393
4.96544913607356
4.97665720400753
4.97940684986393
5.07965119307386
5.12079122215376
5.15914231459317
5.16103387356658
5.20922613471737
5.21903191239901
5.27599358527966
5.36551174522532
5.37413553126991
5.40222837301739
5.4087129278147
5.45124454163991
5.45261711637861
5.45522496161178
5.46152870573542
5.46262238196634
5.5159338725554
5.51630661973029
5.52862037841782
5.52884648093002
5.53278032996257
5.56139194452674
5.60230629280858
5.60401836049919
5.63457219545377
5.64271986138751
5.66290054362983
5.668526802168
5.67635253939968
5.69379538591484
5.73551004085807
5.76588391423107
5.79362612587162
5.87043239732513
5.9549827260861
6.00765891432314
6.02164532344145
6.10603029103303
6.14312399397968
6.18383860577034
6.23729164164137
6.28892023729163
6.40136938638398
6.43102085877194
6.53740994471764
6.64162605766833
6.65812553417367
6.698450521825
6.72143633699356
6.76424989192928
6.78209996486563
6.81966112432909
6.85289560106113
6.8641228614263
6.93904955346737
6.94891691928646
7.05891485299552
7.06917183369394
7.36084552601663
7.486574569355
7.49716359063596
7.60005817788872
7.66361989086811
7.89636406003893
8.23980547056787
8.40107819869614
8.41589053337033
8.50412542833869
8.96509441124691
9.37409674849395
9.78448846159634
9.99873157955547
