0.442061468571637
0.470005437034546
0.485692892529629
0.499946533236653
1.0049712883901
1.33788088249718
1.35896246509746
1.36067163199431
1.42199399803804
1.79799851335046
1.89044161487175
2.05482174875778
2.11778782075051
2.12644550803092
2.31832303047735
2.40128867347049
2.6456054946778
2.70396420335781
2.85836466486591
2.87865362635844
3.01552612432281
3.09012742828219
3.1383601956585
3.17310809949345
3.43804928765553
3.44341151475865
3.47579571139394
3.49852899174074
3.54758499203781
3.56882142874981
3.6342073280419
3.64360917641195
3.68297336502997
3.99487333550203
4.02682534101973
4.08681231288338
4.17292448367849
4.17747439511945
4.20172082527079
4.20544938805801
4.28794337225691
4.29464358921985
4.29698219254949
4.30598753602899
4.30640621706116
4.33049079721015
4.34142339900767
4.38822270174514
4.43837873045547
4.44057820569353
4.44528491548057
4.50078873268546
4.53848127714525
4.55413029212344
4.55498418647296
4.57803264400484
4.63646817646845
4.6376053241365
4.65015732085576
4.67254805066899
4.70867310006482
4.7156027244574
4.82677436883999
4.88498377748761
4.93809921328379
4.94101649116497
4.94339247325992
4.95099267217069
4.98934509714118
5.01623403078174
5.0295681803212
5.03943170478995
5.04607444419743
5.0485965875103
5.05052993693095
5.12880181048781
5.13397359090724
5.16095382109127
5.16604550449955
5.17588499341436
5.19022242196227
5.19700893302414
5.22956374748562
5.23080433217477
5.26012947540251
5.27407164016397
5.29026026967662
5.29124148580331
5.29228451655861
5.31763547389737
5.32457393214512
5.33201036294111
5.34480987534771
5.347486328323
5.353360429117
5.36520614046223
5.38807741104197
5.4044838857225
5.41736156060221
5.46458572026539
5.47652248359614
5.48274852086877
5.48820484684637
5.49418280078485
5.51105252784639
5.5138490832205
5.51628706629211
5.54107312106671
5.57197575464933
5.58850037203302
5.58991074762357
5.59498352438257
5.59826633823797
5.59882225657777
5.60335691050392
5.63861006034222
5.64961416257033
5.65596109236681
5.66602937866778
5.67344523882455
5.67577644219664
5.70671860186197
5.71232663393672
5.71443779100619
5.73515335633796
5.74296570623362
5.77193919809786
5.78286633011021
5.8111394322157
5.82581267489193
5.83683297425751
5.84093563340482
5.84246906744347
5.84843510788387
5.8531123991005
5.8606128314239
5.86629180041899
5.90095559618017
5.93263758609887
5.93306038523854
5.93533994184583
5.94425888596474
5.96094710078142
5.97318812994704
5.97907709115178
5.98141181736899
5.9846643839964
5.9931272506567
5.99816268710597
5.99941136590407
6.04202341548849
6.04464570637863
6.04942998013224
6.06466134457543
6.0756797194856
6.07731320777265
6.07992835839351
6.08988297156005
6.0938887610762
6.09998289254455
6.10793779224502
6.11575234363282
6.1193960476747
6.1243561202154
6.13212984353115
6.14075688457179
6.14491641227995
6.14802830371428
6.15395745041831
6.15922747144326
6.18358655331226
6.18707511997103
6.19374340954628
6.20242612113683
6.20699693961845
6.20887369282508
6.21204537517177
6.22828347406226
6.23686820042687
6.24484500410401
6.25641125747284
6.26583981427537
6.27339850926813
6.27524546662696
6.28186473244311
6.30000335958498
6.30216546969697
6.30638765740509
6.30670072533803
6.32380284399646
6.34649366322781
6.34729290400206
6.35331657460919
6.36922047662681
6.37054471069036
6.37939561023256
6.38121976879902
6.38328431190267
6.41305173286276
6.43221135058321
6.43890509208643
6.44276035983864
6.45818607859043
6.46276856911986
6.47156627228253
6.49222928592467
6.49616139364829
6.50081793499857
6.52323098779028
6.5318945299904
6.53295849690809
6.54430180776253
6.5576616537044
6.56873162443807
6.57794121480268
6.59415366457436
6.59822163035388
6.6038004986342
6.60852600931767
6.61184168455167
6.6163788170531
6.61856954170604
6.62032981092328
6.6212072676005
6.62777519173637
6.63237641267948
6.6379891088372
6.63905001680843
6.65100806329733
6.65121924941798
6.66498562542407
6.69604415982746
6.69642837868048
6.69695060091595
6.70580389158005
6.71773202019204
6.7398292750324
6.75116256562461
6.75119352752298
6.76006186153908
6.77461138463375
6.7880765127952
6.81126410698661
6.81209164876155
6.82545985565311
6.82968902251599
6.83169871721391
6.83409136891294
6.83668972866614
6.84026693187273
6.8433947062458
6.8457835889775
6.84579284640363
6.85015401365099
6.85144771569347
6.85426892576575
6.85518961691643
6.85724756523143
6.87826616522803
6.88346482736074
6.89766730545848
6.91217628051661
6.91459820116725
6.91638940680648
6.91952989682694
6.9228271391236
6.93061433939848
6.94019445266113
6.94617018392319
6.94724165595837
6.95675406733078
6.95851139732493
6.96613090596501
6.97276538995697
6.97286573842022
6.98444861037791
6.98856229802911
6.99524444140621
6.9980336200982
7.00268561070447
7.00527510449731
7.00667896513753
7.00990580631477
7.01485837432705
7.02132363539342
7.04219986725261
7.04628412832002
7.0516038380116
7.06270567253972
7.06790223560129
7.07508984901649
7.07720904974244
7.07927651566588
7.082851409688
7.08681756402115
7.099695529132
7.10580012086492
7.10879354490894
7.11036009928224
7.11585793883791
7.11746773976578
7.1188012650445
7.11999276639717
7.13013117493091
7.14746858928693
7.15070588262608
7.15620585491
7.16048780356043
7.17578099218809
7.19340550226517
7.19522408615316
7.21120142235823
7.21166346488466
7.21707443799856
7.22495747656279
7.2263069591873
7.2282441299158
7.22880598409508
7.2412653985908
7.25280085315391
7.26103827850588
7.26509428344007
7.27833019598557
7.28195908313495
7.29273721430582
7.31830405264754
7.32430800359641
7.34574190074407
7.3521667602177
7.3527933017625
7.35663935832348
7.36650765082992
7.37459484421401
7.38135526575218
7.38220918209317
7.3979495364632
7.39993716261858
7.40231001413349
7.40371920020828
7.40492274715291
7.41110733716883
7.41124754694599
7.41290406854591
7.41451124514828
7.4175088171852
7.41943987623613
7.42427312864432
7.42556175285845
7.44411885138178
7.45937090345489
7.46052415522165
7.46926281595179
7.46932598247706
7.47003348408876
7.48362092990816
7.48693501997093
7.48825672088345
7.49048213733235
7.49903506579824
7.50107610001912
7.51221937816801
7.51792974424499
7.52011966968996
7.54513753829071
7.56830527947437
7.56905736489663
7.57106625725624
7.572065519222
7.57323259719299
7.57912415255081
7.58170951760885
7.58764360678035
7.59131171344732
7.59344470917007
7.59406008627102
7.59576560781375
7.60810240203571
7.61447392292085
7.62388905407088
7.62577573154262
7.6259957145104
7.63160807522994
7.63890089800408
7.65677763264767
7.65945746726665
7.6699955624878
7.67686734251886
7.67756576357085
7.68085836769127
7.68501644489249
7.68517803884745
7.70021479197226
7.70537529915943
7.71490793412667
7.72096335816514
7.72133850769811
7.72135125908249
7.73030339052307
7.73932788351478
7.76543592035339
7.76803708997578
7.77111575097719
7.77663026710676
7.77740422336262
7.79531577070594
7.79948716061035
7.800254059776
7.80039172579706
7.80495510135578
7.80747293964003
7.81802382107247
7.8222648158708
7.82443467587071
7.82995228258335
7.83042517557053
7.84572090336917
7.84768559382184
7.86365879964392
7.86384596683259
7.86909013033374
7.89008638799107
7.89926247895029
7.90870603863003
7.9148754121637
7.92635330880771
7.93100431853004
7.94243779311352
7.94477721531496
7.95335803592509
7.95571898863045
7.96050655073132
7.96402469504394
7.98477151357869
7.99652639172442
8.01344109456325
8.01382958913323
8.03596608087979
8.04095223062336
8.06688311923503
8.06777265836795
8.0841230093763
8.08648397303406
8.09556938229942
8.09636934218352
8.09724292916645
8.10088561810828
8.10165345669466
8.13221316519812
8.1394891048474
8.14332227235956
8.15357857618348
8.16047514344912
8.16049418053165
8.16109091835993
8.16601111304219
8.17932934379388
8.18419010976763
8.19209272929673
8.21390521814523
8.21694289055059
8.23369306219222
8.23780362917207
8.24710521534086
8.25073400156752
8.25527581663069
8.26036806469798
8.26287319327343
8.27191191018479
8.28090962515308
8.29063980075808
8.2939769586612
8.31032332675479
8.32020786079107
8.35341712756945
8.35418482640697
8.35519259293074
8.36613243309928
8.3841499629601
8.41154732729875
8.41512012765552
8.41983913799405
8.42330556864527
8.44196887267853
8.44260204401734
8.44878522805279
8.45262672908012
8.46712716693028
8.47777665338163
8.4797148281631
8.49201084150656
8.50177013402
8.50328074034864
8.5071829506192
8.50927916866844
8.51580048452814
8.5193114567712
8.52025362676661
8.52586256709235
8.53520952563664
8.54158118369768
8.56531034405001
8.56683133288852
8.56711375272235
8.56952420613326
8.58213413208102
8.58969517186342
8.59943145988475
8.60149383894123
8.60468954887901
8.6069146782914
8.6299956586505
8.63047029125601
8.63364610135222
8.63796631212846
8.64653621305131
8.65100175458427
8.65800351348477
8.66344523085076
8.67042574249185
8.68362871970651
8.69110336193841
8.6917904739429
8.71632292421007
8.71907462821485
8.71986363227107
8.73526765862452
8.73795727007281
8.75694473797513
8.76009317294867
8.76057010973356
8.76203493155642
8.76545126746971
8.76556808586796
8.7683726300021
8.76865658284544
8.77539598226398
8.77570043075266
8.78542512915206
8.78783103125354
8.79422066384123
8.79786425292847
8.80465268022069
8.82410732748855
8.82518651025844
8.82895709205521
8.83501645202732
8.8499691315242
8.8500520973287
8.85530279362478
8.86426047185137
8.86541073854568
8.87124897984129
8.874601928575
8.89228900426425
8.89801180970937
8.90450740169611
8.90667562296122
8.91448453855085
8.9405416839473
8.94576055401299
8.94975545433678
8.96237732794465
8.97217482254326
8.97280208017305
8.98441207185496
8.9852994266301
8.98867525751557
8.99565571281252
8.9983085439451
9.00035889372786
9.01347952215575
9.0155683416034
9.02561134538221
9.03503135269315
9.05227852751757
9.05888506261056
9.0597786314538
9.06593069622797
9.069004693397
9.07518151846278
9.08712349105694
9.09089431826061
9.09253988882675
9.10996317572345
9.11236011551934
9.12049934809839
9.1211992564641
9.12635470895655
9.15222385073533
9.15758993270243
9.18159116291547
9.18232823254138
9.18361281201707
9.21230513254322
9.22222079144096
9.22301250217721
9.23669949025606
9.24619266549923
9.25809602763829
9.27410158531196
9.27727877617464
9.3059866422717
9.3179285992988
9.32859137877538
9.34324244883256
9.34398543176922
9.36589858796981
9.37238547531176
9.39969897717645
9.41136661062823
9.41653326787874
9.42309270634694
9.42473327222523
9.42870771237877
9.44649522110868
9.45078921943147
9.46075925318131
9.46142079043031
9.46207106322118
9.48180849181332
9.49357085457707
9.50641341225031
9.52879244783635
9.53455672153151
9.54497177923805
9.55365621401307
9.56008790612639
9.56118855951373
9.56677768573465
9.56781983893731
9.58193597414735
9.58573353729248
9.59895772250199
9.60549501527766
9.62143876753791
9.65621558557871
9.69163667873045
9.69435753363981
9.69460951078975
9.74832809005978
9.74968521096904
9.75647971002975
9.77555674124032
9.77810190546229
9.78317736055368
9.79692336627557
9.8155916305601
9.81992882625869
9.82105329304909
9.8223183668202
9.82270436373028
9.83133486011585
9.83692972047612
9.84491627348853
9.84707524442978
9.85478354995985
9.85980356101117
9.88047981261037
9.89510115775801
9.90091313172918
9.91616470634088
9.91693637659178
9.91784584520845
9.92863765615629
9.94486613371004
9.96164139812435
9.97287442131794
9.98514044161219
10.0221600689062
10.0376622096909
10.0387812309994
10.0429489410496
10.0639326523478
10.0687176027577
10.0766439171544
10.0787782578907
10.0899891601056
10.0963786171642
10.0982451094224
10.1592087717181
10.1820188992181
10.1834981315619
10.1894751732426
10.2000668922651
10.2107739507276
10.211704324813
10.2173157554302
10.2388163174616
10.2436122349494
10.259873757092
10.262691089503
10.2695657920651
10.285049698126
10.2906767280906
10.2918358216843
10.3054665574573
10.3125248505635
10.3259881981943
10.3261877783232
10.3541710490358
10.3654586353184
10.407617506072
10.4387477134471
10.4392336695568
10.4392956824768
10.5137250163162
10.5289061583324
10.5464233345001
10.5550421298168
10.5635340346392
10.5669617231368
10.5787698410176
10.579242619597
10.6133874467107
10.6166086609766
10.6392495832864
10.6458710365023
10.6524607920168
10.6674241263067
10.681739799344
10.681787297109
10.6993167284207
10.7112408998778
10.7226093462
10.738608087379
10.7440763197518
10.7856221859048
10.8274622003154
10.8729029891809
10.9808009720156
10.9991852507713
11.0053747412271
11.0223625822912
11.0562088377011
11.1044813482792
11.1070309318231
11.1206212934773
11.1285225443234
11.129220149066
11.1301597279769
11.1522196376131
11.1635157027158
11.1635203491456
11.1976207672721
11.2004889313974
11.2088526261249
11.2400290886928
11.2470836927064
11.270026769031
11.4616978001918
11.515927232219
11.6317114500563
11.676653530825
11.6824033626188
11.7121527000688
11.7338332123098
11.7800397768866
11.8088277232146
11.9150668769063
11.9403468034512
12.0549309146244
12.1406605978192
12.1537758717402
12.185945373817
12.2553541299902
12.2568931141851
12.2592062134603
12.2934032488372
12.3359340873742
12.3808098919582
12.3931817581028
12.5444475413691
12.5792123467752
12.8350754214581
12.8498393238412
12.8698051355772
12.9239586616489
12.9947181196169
13.178695293929
13.2577456302156
13.4109593222307
13.4977761512739
13.6231569676996
13.9746581186904
14.2117308294479
14.9456280347664
15.5684278199655
16.3173117821057
16.5140078049638
16.8121126325141
17.1997700548951
17.216482309421
17.3009648241689
17.8308691409565
17.8397589150803
18.0700087902681
18.1998185172571
18.2950513010739
18.3624139718045
19.9121842876627
