0.907187407881879
1.1232152011325
1.1316030586238
1.29142620244136
1.4981135602145
1.52065609125137
1.54930177001571
2.21412520081458
2.51365673565536
2.5444238756895
2.55981895173947
2.58003128350224
2.58202929828476
2.6348384013769
2.6447363555768
2.66855599638287
2.73225181491467
2.83755373811986
2.87665632351699
3.01009162873645
3.04544479941602
3.06514341679436
3.11723462858765
3.16815853768036
3.17833216958023
3.25893722753829
3.25955016408013
3.30893075819591
3.32556121431329
3.40920978736551
3.44675755029295
3.48660452652999
3.49080441682102
3.49855307577172
3.52112371594354
3.53148281337193
3.54094676963051
3.56753265149
3.61427730313449
3.65649259025604
3.68007078978967
3.69984112739511
3.70001414200342
3.70346247466213
3.74581212532459
3.74936664527947
3.76582865155116
3.77391383125304
3.7853266527547
3.84095453331487
3.84160161236085
3.85407090645891
3.86862503568236
3.89592004636413
3.90601356213683
3.92354980676218
3.98193971593629
4.00459074286202
4.07654633483131
4.07849141695202
4.09170429238973
4.11941712064456
4.13071943914315
4.14785377887672
4.15451341515369
4.15908390754816
4.16452381864647
4.16577955615821
4.17705559743077
4.21203996984541
4.24392703132181
4.26140199241367
4.26570187315503
4.26861671023133
4.28483058637799
4.31462842816283
4.34755369659188
4.3546442372521
4.37154910539689
4.37976180515718
4.4013106792409
4.41023035169883
4.41158396391104
4.41723673139991
4.41838564548906
4.44438402737815
4.44967764768539
4.45819638751513
4.45824822488359
4.47776576013576
4.47850718353781
4.48081490788769
4.48377663696612
4.48620063490735
4.49501973698938
4.49776870901159
4.50948663633953
4.54563532878663
4.55150909379839
4.55262291699784
4.55978403681358
4.56199667386309
4.56464499265634
4.5658164709478
4.57877230973772
4.57986529939246
4.5941791768607
4.63100856860282
4.642340554444
4.64632839954475
4.68037519448265
4.69558195389638
4.73655567529022
4.75480401974244
4.76571085999854
4.7854023347424
4.7894181586331
4.81224849240297
4.82458446170924
4.83207622200888
4.8448420707116
4.85993781234818
4.86222072972628
4.8636097203978
4.86388457463352
4.87356369887382
4.8773120468304
4.89600453903962
4.9279036750234
4.99759894433945
4.99909862468251
5.00954235547972
5.05182785946715
5.07409468514548
5.07794588846495
5.08420248173993
5.08778726578357
5.09528777390071
5.10013832857321
5.10245212144266
5.12621078776374
5.13087614093992
5.13245074561552
5.14354787548029
5.15743041538567
5.21012472681764
5.22577240995738
5.24320796789276
5.24532216729029
5.2669014427206
5.28103421003148
5.29645358650318
5.2972968586252
5.30281018358428
5.30378423599745
5.30898355263414
5.31057209794379
5.33039026643331
5.34041457591171
5.34306865081284
5.35036876327037
5.35255400772755
5.37147942219696
5.39961942896318
5.40215987982047
5.40851784503015
5.42074987402455
5.42815861310156
5.43746441257325
5.45352927426386
5.46682453744117
5.48205510768443
5.48783983723731
5.49165205084938
5.49685533293959
5.50609478817423
5.50903438749361
5.51115718363989
5.51122225691111
5.5238340665516
5.52408242618837
5.52675371195414
5.53518586664759
5.54063340451397
5.54769946670667
5.56071550489141
5.56516652806125
5.57063299956941
5.5780268692445
5.58709976500625
5.60827027799898
5.61618141273412
5.61780020232955
5.62001438149767
5.62128652893702
5.62185503332659
5.62217688377548
5.62531864530091
5.63284848644808
5.63924947382306
5.64722648168848
5.65468303220591
5.65619228219627
5.65637970777453
5.6594493398262
5.65988444036774
5.66079939143545
5.6619808197683
5.66496947021073
5.66660805829583
5.67605791064399
5.67711580009331
5.67998834728391
5.68198765336532
5.68281960713248
5.69935686692622
5.69966531703377
5.70202717336688
5.71374664871937
5.72015288101856
5.72039384602869
5.72604961818593
5.72742677089299
5.7277839798911
5.72898831475477
5.7294873867154
5.73468238632235
5.74133799556766
5.75209894310267
5.75361872603815
5.76876151067988
5.77378612027904
5.7742447728842
5.78577067780818
5.79733375838922
5.80162182581704
5.80419344445275
5.81175493284768
5.81624992575756
5.82623761307552
5.82766102699033
5.83157133673424
5.83212210138011
5.83862945972632
5.83862987075491
5.8397995810483
5.84695034117422
5.8502427525564
5.86064616656618
5.86092621377599
5.86104686686842
5.86382652783243
5.88124918859898
5.88210392312304
5.888719340712
5.88904618509812
5.9026811909776
5.90786674505544
5.90895410974836
5.91186000145759
5.91522417579854
5.91775105620406
5.91810125916852
5.92033107271847
5.92134318742592
5.92556338133463
5.93322024483866
5.94199760907469
5.94538402508253
5.94650447076902
5.94695132274711
5.96366609680601
5.96674850550166
5.9697159997055
5.97581653357482
5.98054412419001
5.99234004223074
5.99422652170318
5.99673344516522
5.9999138906291
6.00336347677139
6.00457341628962
6.01061990328226
6.02072638587611
6.02382598998651
6.03241586651627
6.04306170176678
6.0457404096934
6.04780524298952
6.05033231886572
6.05363011551587
6.05517542879422
6.05539024401532
6.05629176646419
6.06377399946722
6.06383371586086
6.06527299192715
6.06738257112379
6.07057046136598
6.07406806953263
6.07572534890763
6.07587932950972
6.08791118153329
6.09545284862737
6.09961367996896
6.10685128408613
6.11089091833036
6.11745164775113
6.11858377682353
6.13552498741447
6.13578125856113
6.13588667840998
6.15020770138773
6.16160132839966
6.17062564190206
6.17702285729714
6.19584408944109
6.19634244073264
6.20094920069366
6.20486015582535
6.20599132204088
6.20868540946424
6.21321733673981
6.21361071176929
6.21588414289156
6.22019891720107
6.22104643767714
6.22142127787414
6.22404253740533
6.2248351887313
6.24557193562203
6.24763895828209
6.2477320732181
6.2484618058768
6.24856958307505
6.25002664179758
6.25908939036601
6.2647624735896
6.26589397196092
6.26911556107074
6.26947203664143
6.27268506630371
6.27646886607254
6.28069720996108
6.28444225724541
6.28510499567513
6.29846671899846
6.29957398202774
6.30529248485823
6.30714349244558
6.30780089884369
6.32873249551169
6.33517388672232
6.33708346201965
6.33926365972855
6.34655883997944
6.34982687393257
6.35152439951738
6.35257031133948
6.35341275483338
6.3562357864385
6.3601544099335
6.36294306864175
6.36902795791201
6.37070701708101
6.37337929326765
6.3836028307026
6.38376705443479
6.38946659038697
6.3935746553871
6.3953622020008
6.39924773689693
6.4023682888568
6.40384213343015
6.4093600852651
6.40950572565212
6.41607370705743
6.41956801065806
6.42571307404506
6.43121436544777
6.43123626211764
6.43177982270544
6.43682542908248
6.43788509332622
6.44530344754026
6.44923825589991
6.45714466763007
6.45737570724999
6.46020438518716
6.46668381444946
6.47300249420508
6.51983856360093
6.52095370946471
6.52489690315711
6.53200500566544
6.53239807487107
6.53877423825591
6.53922753839103
6.55012391446824
6.55054650335479
6.55924913986448
6.56016224355589
6.56137087135854
6.56498969502533
6.56627034904489
6.57298657915539
6.57733511642334
6.57958767623994
6.58498469620829
6.58650881306133
6.58675744675617
6.59332549118705
6.59541036996916
6.59699969290495
6.60119237544198
6.60144243646438
6.60270497670961
6.60506473857745
6.60558985027311
6.60619470636568
6.61079323417535
6.61410789630231
6.61529924523786
6.61625248989186
6.61803603026966
6.62646041006819
6.62870909038176
6.63570659844885
6.64222554843011
6.64586620563016
6.65114255915094
6.65656529177387
6.65815371414134
6.66578818201405
6.66776670348666
6.6681608626312
6.66850709857211
6.66877723673847
6.66909333637694
6.67093747016344
6.67186298743428
6.67291818794461
6.67861100151534
6.67993526565106
6.68430685344582
6.68475798553281
6.68950156471733
6.69857063952277
6.69898238048946
6.70866333279225
6.71084163152876
6.71119440200329
6.71263701637973
6.71455042687755
6.72311149771392
6.72637640780852
6.74395321606907
6.74544004211271
6.75196304887151
6.75795763222361
6.7594398348703
6.76060484199259
6.76133028474617
6.76442490953685
6.76717063886223
6.77538446230297
6.77905108791975
6.78047394117418
6.78393873653572
6.79697193480131
6.79982794365072
6.80125606022404
6.80338753764148
6.80730256945824
6.81042879228161
6.81166257054573
6.82517184989934
6.8254635322292
6.84006653629515
6.84193422348493
6.8546503325408
6.8562575900065
6.85758507293178
6.86694545485917
6.86812544626228
6.8684145088073
6.87325791632176
6.87605369688189
6.8777859906638
6.88110172100884
6.88804779635369
6.89033690684521
6.90312542085529
6.90332739049559
6.9052888147581
6.90580077549318
6.90673744145168
6.90912977662804
6.90951213790685
6.91725974640638
6.92684008751768
6.92875425371219
6.930364116715
6.93179097675181
6.93245103712998
6.93312068907915
6.94299759552502
6.94299987746977
6.94700298603204
6.95124403730376
6.95167427549756
6.95190478991137
6.95222480689711
6.95346682629374
6.9627761009443
6.96286671487906
6.96450546891324
6.97380661401547
6.97677363356023
6.98127944474528
6.98140577591679
6.98160966089559
6.985775483531
6.98660988917587
6.98672147862552
6.99462876731977
6.9950578238738
6.99792477697096
7.00558262009738
7.00900361049425
7.02029275495364
7.02177754744147
7.02545700602372
7.03047517618876
7.03502773440225
7.04953028684908
7.05295821414809
7.05431141924473
7.06242407089913
7.07061463762608
7.07384465151078
7.07395032398046
7.07508059282052
7.07695513940883
7.07778033270258
7.09551405341061
7.09719474869055
7.09915066816584
7.11013041212817
7.11507179115993
7.11995075159732
7.12040397892949
7.1247813876984
7.12706598102035
7.13064829481282
7.13547517515875
7.13799455283325
7.13804245262371
7.15260922493369
7.15985532185644
7.16056784465852
7.1625170131231
7.16379898933765
7.16665655311913
7.16753291963272
7.17051051966669
7.17091226947565
7.18041060552194
7.18404499222143
7.18638556471928
7.18723944802838
7.19297999012631
7.20873716805175
7.21267270169787
7.22062462032269
7.22132848443714
7.22311329394504
7.22916693103979
7.23112452199768
7.23398519363904
7.23994247136822
7.24147864213184
7.24573579809
7.24696830604043
7.24762234903486
7.24801093334398
7.25013859717097
7.25713326556063
7.25731574312388
7.26031838160492
7.26044744713753
7.26806777810512
7.26829170585144
7.26949007268708
7.27038631816107
7.29149890201379
7.2960909637047
7.30110123754165
7.30191158864351
7.30566501151872
7.31035024678241
7.31035584503118
7.32353275492992
7.34677624868503
7.34722922913757
7.34747262876658
7.35264417918703
7.35327401594588
7.3560842037153
7.35764469421293
7.3635888692107
7.36850632093397
7.36860794358955
7.36916343701957
7.36919108640094
7.37066793279592
7.37457809136052
7.37626576655279
7.37650566183289
7.37942658354234
7.38314394066472
7.38972765591499
7.39321185177086
7.39455194754411
7.3962941841913
7.39779628498992
7.39901824602969
7.40046752720354
7.40404100945579
7.41025306226497
7.41089334529105
7.41216997080882
7.41476733551496
7.4167391238355
7.4187731977256
7.42414694536229
7.42611149276886
7.42649766263686
7.42973624162189
7.43003509836783
7.43320789928373
7.43621467756725
7.43864720561181
7.44175899937384
7.44425636689001
7.44454909839775
7.44611940697088
7.44769223114203
7.44947203407989
7.44991536010378
7.45469823841944
7.45561106528765
7.45948535872072
7.46146444740587
7.46190642059667
7.46947322101357
7.47159059233094
7.47841912030385
7.47996922704768
7.48461350507691
7.48511696085815
7.48866735339934
7.4905691721279
7.49164871351768
7.49419708227366
7.4975270736964
7.50439372422515
7.50640868688153
7.50742478326827
7.51428031968215
7.5174981969134
7.51838217017686
7.52052077997619
7.53017513218915
7.53142281931317
7.53213393951252
7.54457981044671
7.54669527988387
7.56069633354682
7.57022983046036
7.57256838428327
7.57523045760719
7.58361644368783
7.58487794225897
7.59068037924895
7.59132126880559
7.59725653472106
7.60298945231628
7.60726528832086
7.61620150191811
7.62076055838662
7.62375383017044
7.63360759173322
7.635097643788
7.63553428050199
7.64005930368941
7.64073104134815
7.6427727413888
7.64896965897655
7.64908494438013
7.65001258313825
7.65441323955415
7.65454949441596
7.65701491813513
7.65850371183612
7.6626067582307
7.66281783620662
7.66448877136696
7.66994750306161
7.67001353937831
7.67130767014175
7.67293292987178
7.68117154365484
7.68419282292767
7.69338998627038
7.69701985811314
7.69789664410431
7.69856486493894
7.69911794964124
7.70187629022442
7.70587498542775
7.70815997611099
7.71669881039772
7.72091792887856
7.72175684275056
7.72190353576491
7.72855354653394
7.73215983306418
7.73221694735784
7.74032482187803
7.74202269364368
7.74267185918598
7.74673659099956
7.746879146236
7.75060995632285
7.75256153175185
7.75274877811729
7.75352626763132
7.755726568169
7.75912891711794
7.75952225449637
7.76328925499733
7.7687082294898
7.77260194542959
7.77260834628876
7.77272002212259
7.77419456499263
7.7797446362393
7.78079310610533
7.78267048948437
7.78273274036704
7.78506842752169
7.78980554906421
7.79219225661358
7.79254054891291
7.79280756736871
7.79558301637386
7.79587459954786
7.79654408860394
7.79655071708511
7.80807154234839
7.81056566153674
7.81440888967622
7.81686499620969
7.82711525796254
7.82781369457811
7.82841944360776
7.82851924965483
7.83142106143961
7.83850736571109
7.84123580699204
7.84200257073292
7.84960506611464
7.84978867194014
7.85382270887029
7.85435575701055
7.85826107081903
7.86039521069387
7.86339438118744
7.86382177103241
7.86501641009256
7.87007330957277
7.88095198031067
7.8822171130438
7.89249242273283
7.89370271480193
7.89739121542661
7.89763645425768
7.89769141012615
7.89778473675171
7.89804709139058
7.89899473064346
7.90250824722172
7.90328007746589
7.90755020687823
7.90842900671719
7.90962639529114
7.91584778288077
7.92220293892918
7.92335447579214
7.92849257043282
7.93138254548621
7.93403807154675
7.93677234409949
7.93773388420567
7.94489793431372
7.95159378635613
7.95583464317171
7.95986574297381
7.96324877929382
7.96957628078457
7.97372370854368
7.97472733809222
7.97653643863545
7.97729971324806
7.97943828990066
7.98441165073107
7.99285163561039
7.99431493717414
7.99457353438242
7.99459853574965
7.99585653231687
7.99799399947347
8.00571069277266
8.01442076417262
8.01680524276895
8.0183702133933
8.01885979049529
8.02017715956755
8.02172399392593
8.02365479968049
8.02460109620078
8.02470178119821
8.02708788433948
8.04083429539153
8.04632570520827
8.04634251593895
8.06329357829731
8.06730281005543
8.07216982285005
8.07277986867179
8.07332958612608
8.0766536301923
8.07705638521335
8.08145948120929
8.08247380210391
8.08412382688041
8.08515427539479
8.08845547919441
8.09268025167131
8.09401360120809
8.09872505589063
8.10134225475228
8.10393299952455
8.1175472295725
8.12066821189753
8.12113642142558
8.12209880028555
8.12254242652049
8.12266088394204
8.12738761972778
8.12822602233116
8.12850376273051
8.13372921650416
8.13557585364506
8.13717712735805
8.13840754426154
8.14001098149552
8.14002713996287
8.14446979451057
8.15851549122969
8.16397870799238
8.170243743089
8.17483241313995
8.17611960661102
8.17960455445286
8.18347244928831
8.18461348909934
8.18528166295003
8.18982312694417
8.19029274237811
8.1914756574292
8.19316514197631
8.19648444607431
8.19693686126096
8.21005786072483
8.21206973619094
8.21525071726754
8.2190427126022
8.22094484562271
8.22181820637273
8.22244312967946
8.22358033659337
8.22546785773553
8.22774765343203
8.2318080601028
8.23405487099385
8.23516111446037
8.2390248823734
8.2442824735933
8.24669357168042
8.25247279770536
8.25468503445126
8.25717190333387
8.26218964249471
8.26229993039745
8.26875692037557
8.26914913388923
8.26954840833001
8.27043403043613
8.2755348118913
8.27745062581587
8.27947980312825
8.28134630993735
8.28676440418318
8.28892773081662
8.29358552244203
8.29679763949404
8.2979508059866
8.2990318793108
8.30322732738383
8.30542950903755
8.30949636908761
8.31062614596131
8.31331954401193
8.31748119899144
8.32904993079748
8.33000630694125
8.33273153515039
8.33654955833823
8.3392671528265
8.33951116641186
8.34436956886249
8.3472042075978
8.34777089596539
8.34963522277724
8.34999936684868
8.36307124806312
8.3640071888603
8.37558126784693
8.37905931919328
8.38394181375792
8.3888497427401
8.38907247220654
8.3901801660831
8.39236798268894
8.39485795146895
8.40527503063887
8.40552271862683
8.40598656703994
8.40808622838901
8.41379338040628
8.42088472676217
8.43628922354834
8.43666992422789
8.4370606086848
8.43929966826354
8.44847695928854
8.45338651585564
8.45795959014314
8.46032566292413
8.4603779637231
8.46611478109991
8.47215536808506
8.47259495236389
8.47999199106486
8.48172938055745
8.48587624020044
8.48599416210248
8.49201732759813
8.49645450907102
8.50610357494029
8.51160908409384
8.51260561421815
8.51445395702099
8.51530474241891
8.51827236406863
8.52203494201851
8.52868980937219
8.53627297952491
8.53862689513482
8.5439230087378
8.55491584260372
8.55799398725964
8.56000596187494
8.56650256674041
8.56751763165272
8.57146455481656
8.57593851409563
8.5889210462183
8.58961519257804
8.5907136322019
8.59107019646058
8.59763579517047
8.59918476431099
8.60340433518715
8.60346972509589
8.60408537739273
8.60758679121716
8.61903725693752
8.6211858670799
8.62333790391145
8.62513501985181
8.62975962808749
8.63205980793829
8.64651853383238
8.6510684625142
8.65136961948659
8.65220856687508
8.66181160172484
8.66986915538494
8.6703841647595
8.67402027423272
8.67808350031008
8.67949155881976
8.68139557665577
8.68224264006593
8.68706856170103
8.69068428157935
8.69282031148529
8.69952966281037
8.7032006556666
8.71075617919811
8.71095717869325
8.71207056422401
8.71292880262168
8.72135489872661
8.72335131695305
8.72964638797833
8.74589080626914
8.74625147597191
8.74854539897266
8.75219809126104
8.75498872061963
8.75737315204642
8.75970696551554
8.76548370135556
8.76938278136635
8.76990440911819
8.77509147369547
8.77609134650483
8.78132674202807
8.78395711920491
8.78931640740382
8.79135639141458
8.79645966755606
8.79737572691247
8.79953220416659
8.80326903708452
8.80879315033335
8.8093022206302
8.81147720869697
8.81840300946742
8.82139649093701
8.82161952998714
8.82435434614902
8.82577066641053
8.8297779118927
8.83397343047472
8.84021668346426
8.84247676479369
8.84393428277676
8.84457446142345
8.84474421528191
8.84675146055579
8.85165407229866
8.85291468348271
8.85566385763534
8.86447661243993
8.8681982361167
8.8685494470292
8.87638740131111
8.87733005058172
8.88030725303647
8.88153605790777
8.88244941783139
8.89979049268649
8.9072790476912
8.91038914925228
8.9145038054726
8.9189095936532
8.92195198488921
8.92607498343829
8.92699208067565
8.92879163951362
8.92925828390173
8.93390415454359
8.93611499153163
8.93756249632685
8.94054665583318
8.9423877001752
8.94511111799267
8.95709718567335
8.95721488916356
8.96601684531588
8.96753777897879
8.97579909014284
8.98453650373686
8.9874584175865
9.01346232950288
9.01510612053537
9.01693890085309
9.01836132411947
9.0259544697749
9.02688629181854
9.02835317162791
9.03005475273997
9.04050652378322
9.04287699312232
9.04593355766756
9.04671558516855
9.05337484318411
9.06207729187411
9.06298065923322
9.06655978019964
9.06900824117964
9.0703171638934
9.071879386954
9.07232342477409
9.07392543341386
9.08341808017018
9.08547469971036
9.09233724729161
9.09578045819298
9.10423298784814
9.10695505783249
9.11063517937285
9.12075786454712
9.1300204067629
9.1300631527278
9.13012638628335
9.13311798724617
9.14477214174159
9.14619127677283
9.15148929949062
9.15434304206077
9.15719389306716
9.15867134458628
9.15935002018205
9.16139333962527
9.17327196011366
9.17924409148811
9.19190290444014
9.19748435808138
9.20250090537718
9.20350309381262
9.2045005290644
9.20704449426178
9.2096759381952
9.21402192763579
9.21502542202654
9.22064005254942
9.22447617180618
9.22553109396985
9.22708055087636
9.22916116353447
9.23415288141904
9.23783274615416
9.23940799648705
9.25079886199302
9.25312891787365
9.25322041437334
9.26226787453577
9.26324779453162
9.26864596932841
9.27461874163214
9.27970418188218
9.28975175230387
9.29454601780085
9.29893653781522
9.3132762632627
9.31490667505478
9.31814891821473
9.3238030760939
9.32556616380695
9.33222251275628
9.34030111105256
9.35688509854214
9.36306641247845
9.36445815636471
9.36479420242322
9.36827238918387
9.37037348334878
9.37489305637794
9.38270382129669
9.38604329028156
9.38652275421934
9.38803154344677
9.39225190906746
9.39275605480983
9.39435329298087
9.39464260177308
9.40515010876669
9.41326934355988
9.41705487520204
9.41951978177906
9.42833770111691
9.44231718189773
9.44591820925547
9.44618956421287
9.45526218625696
9.45772459419123
9.48850345153547
9.48965954719498
9.49637254736631
9.49690702476264
9.50883250668272
9.50901012451508
9.51267663721189
9.51700331239157
9.51796272185602
9.51831155462899
9.53605254688829
9.54111773704253
9.55264526039812
9.55447953891811
9.5572016449411
9.56016817157487
9.56280889456484
9.56618778117143
9.56789446273118
9.57133232138567
9.57288613343486
9.57942969171621
9.58572369830618
9.59751653365028
9.59964277433511
9.60611709694363
9.61486833045152
9.62081142973329
9.62196088832012
9.62573184543688
9.62752670380252
9.64015718381686
9.64288410927644
9.64645223937949
9.64842555589911
9.64905219871322
9.65969844372093
9.66660704339648
9.67716252395259
9.68002524572151
9.68282263401864
9.68767242619051
9.69513167871377
9.70087174335961
9.70736873024376
9.70989052153567
9.71597898523159
9.71845810918677
9.72101481268885
9.72525452905504
9.72746351449492
9.73822938883044
9.73980015986628
9.74351440814344
9.74368031474842
9.75181047878647
9.75591167118217
9.76230349327709
9.7643456191706
9.76768397295173
9.77331073545022
9.77839962166024
9.79012459660812
9.7924335580733
9.79829447532338
9.80571544734535
9.81147859963716
9.81512946429126
9.82389586530504
9.82781701094289
9.83421999885631
9.83596404713898
9.83705402944767
9.85465428986475
9.86153670897559
9.86699170969707
9.87489224012277
9.87593698139445
9.87887078472042
9.87947540621345
9.89711066824282
9.89925290306179
9.92099110385626
9.92245885266769
9.92304843331684
9.92610147051824
9.94607411750692
9.94720459110128
9.9508677552102
9.9544450312011
9.96048921632017
9.96327508709398
9.96423283183541
9.98490080974554
9.98524822115628
9.98562933413826
9.98690488173879
9.99255131571038
9.9935079773115
9.99719471151002
10.0063206826345
10.0109164517009
10.0122371144886
10.0173422163086
10.0329742645451
10.036028887909
10.038292133497
10.0452682401669
10.0489909774854
10.0590033755702
10.0592876557058
10.0601579899816
10.0716377288404
10.0732571058791
10.086323629185
10.0885897466838
10.0890553887755
10.0990746369382
10.1075234453887
10.1119114987571
10.1156193976295
10.1171563286854
10.1221448142586
10.1241759834553
10.139070644754
10.1563426069102
10.1673211811621
10.1686201134231
10.1698440432267
10.1765286549889
10.1880424877376
10.2136199000635
10.2137537413209
10.2614583535612
10.2620394300643
10.264622809958
10.2647643647421
10.2753971789026
10.2882326772378
10.2895927530385
10.28964151867
10.2955945722075
10.2971658214274
10.301338632693
10.3031711163583
10.3274338705287
10.3275359356072
10.3338033651403
10.3398014873915
10.3406616737765
10.3531937191465
10.3558679533264
10.3586739345248
10.3611567826747
10.3644827487898
10.3824387695944
10.4214106285368
10.4264957120255
10.4293291357531
10.4470345142066
10.4472586041884
10.4518482204856
10.4673668550182
10.4688245708839
10.4788811843025
10.47983595438
10.4973158932496
10.5014202797739
10.5020516390939
10.5055538506287
10.5055596272152
10.5129905993863
10.5163020445445
10.5211131883163
10.5306983631234
10.5313669195313
10.5317920779826
10.5410954492642
10.5416543592263
10.5465878063083
10.5514926841719
10.5574107683946
10.5625832503166
10.5655155391268
10.5889682175796
10.6094296485059
10.6098884032979
10.6138111155345
10.6241403039974
10.654377501181
10.6551531111411
10.6604360028209
10.6655256797781
10.6727041111933
10.6766932916316
10.6884171544898
10.6927288796948
10.7106290184667
10.7349750149237
10.7400734169221
10.7446535218009
10.7506088709742
10.7512331069158
10.7551515538837
10.7575887421372
10.7608195883185
10.7628810999518
10.7637238597177
10.7671845564754
10.7743677360243
10.7854411253502
10.7947566462081
10.7983295394198
10.7985578323693
10.8000605846972
10.8235847541942
10.825738069382
10.8425028726377
10.8577511186808
10.8583442649173
10.8676897219454
10.8701834087831
10.8855662530895
10.8934316281144
10.9227094024662
10.9227505333654
10.9363906460926
10.9427395698558
10.9735566341143
10.9798499143853
10.9814496480731
10.9823289366076
10.9842362989472
10.9876679177307
11.0074574285159
11.0123700167847
11.0143091430567
11.0159499105312
11.0163989471002
11.017880564824
11.0188082486441
11.0208449200422
11.0513406740758
11.0537447729835
11.0615974007444
11.1071916178258
11.1140748921391
11.126916403786
11.1446785633215
11.1466519065767
11.1788256285458
11.1836198763631
11.1852042404077
11.1949756843952
11.1975970542269
11.200087332489
11.2083452751609
11.2220953262531
11.2283828386334
11.2328427444418
11.2351043136437
11.2483530702355
11.2511851052821
11.262765552531
11.2788472870869
11.2896074654831
11.2941197424988
11.3069624259076
11.3135686812967
11.3196535835884
11.3290860148691
11.344518422839
11.3535678402961
11.3545915022602
11.3563964328737
11.3619866345054
11.3652406936281
11.3846102343446
11.3943159684104
11.3952457011521
11.408855864637
11.4218642479634
11.4314462106237
11.4367039821934
11.4427853913655
11.4459925569294
11.4486702859304
11.4504681117923
11.4596907745461
11.4728395279605
11.4728686592042
11.4806078298118
11.4946345818262
11.5057042840341
11.5283959321586
11.5322874195291
11.5473006280983
11.5730809629245
11.5928295696436
11.6442294206708
11.6798168243054
11.6986176523083
11.722318036224
11.7311794194797
11.7314828440477
11.7446748637412
11.7470278016295
11.7573003347594
11.7648408363853
11.8438952856278
11.8459653339983
11.8577723366475
11.8722900521333
11.8755097212124
11.8763778700237
11.8806218976671
11.9183927830014
11.9200985133465
11.9345543277862
11.9799967772066
11.9901637497334
12.0024591261714
12.0040680548348
12.0524047554781
12.0546717610563
12.0650810222089
12.077365613831
12.0959786241898
12.118609839823
12.1367175335627
12.1892850628127
12.1894132991302
12.1909733083269
12.2295013378868
12.2369184289067
12.2476371244857
12.2844853838859
12.3031060563121
12.3172480689912
12.3203480686928
12.3288943260068
12.3819953755366
12.3938105231411
12.4070457816853
12.4406656524705
12.4536597356468
12.4543455676201
12.5034492193572
12.5045343216656
12.5573815215753
12.5923461567315
12.6105048049386
12.6161983220676
12.6215150259224
12.6256873528376
12.6982588980217
12.7427386613563
12.7817051137442
12.8671154454749
12.8882773162114
12.9179312030169
13.0114826629326
13.0244107632558
13.0302305169756
13.0702319508006
13.0721005740437
13.1195032698961
13.1248366816217
13.2801957736505
13.2804482570514
13.3353379510632
13.3931118521561
13.7342340999076
13.7635961862283
13.8246796491667
13.8368560834699
13.8645339736875
13.875674015674
13.9023860936576
13.9990984979293
14.0152861668108
14.1082889670738
14.1717866348262
14.3457898646935
14.5324194043748
14.5538244534188
14.5691408160082
14.6875415764668
14.7070272231536
14.7399222661098
14.9576409930019
14.9692606867754
15.2814527421265
15.3957557314698
15.5321889021589
15.7833276821276
15.8346356932578
16.5716494147681
