0.146788233425468
0.480547376502998
1.71408115350969
1.82235667014377
1.83543817840709
1.90232050264
1.95594863555649
2.05470454580708
2.15271539442106
2.17133241857417
2.30124158288382
2.32753851197569
2.35249403155757
2.40721796001518
2.440766476209
2.45972501736782
2.4700060497138
2.53384346234172
2.56511674273336
2.68599112244212
2.78385665667047
2.88084240083604
2.98151650366961
3.00882260488903
3.01751915259817
3.02873400722547
3.03626786116588
3.05918541783092
3.17631847323301
3.19999681555233
3.20883846410262
3.28840912547129
3.28966579798405
3.29457364797001
3.31770835155746
3.39430895131185
3.51843673384083
3.59581207024629
3.82428073074363
3.82447947353883
3.86148320714204
3.92395435442466
4.26646293872878
4.47549593259649
4.50860693004756
4.62194358951474
4.68554055198907
4.73908773953386
4.76531666275179
4.7785753777221
4.80114237005115
4.80313938011518
4.80887741527374
4.88358992813319
4.91206619157463
4.94057533768509
4.95733629530146
4.96486945848201
5.04466174877219
5.05681762630064
5.1360072979601
5.14640734352373
5.17824160000433
5.18477642669659
5.19291135338311
5.4444341806246
5.45180026563692
5.47036531607888
5.76762178030134
6.5008492533115
6.53726340314969
6.61158920132533
6.66600653857907
7.03638259873626
7.09594380567297
7.29822199464788
7.74311671980776
7.82867278867117
7.89867205590448
8.32919459250069
