1.65960514374423
1.88665244904038
2.29390325479091
2.49215080037533
2.59467668632481
2.62512165056908
2.6879519004744
2.71547579932489
2.97867548787344
2.97940407847569
2.9847632575136
3.016270537408
3.09707395847727
3.13759595543408
3.20781043063098
3.26659644931822
3.28976158346849
3.43881390239889
3.43907385303012
3.45791282022661
3.50972172989983
3.5329781858863
3.65397053707754
3.6671943308584
3.74358874942677
3.79219165029347
3.81022200177576
3.81357276264352
3.85690776047904
3.94615550641098
3.95770302049185
3.96346016488624
3.96352996244067
3.96807163787114
4.01018918398905
4.01703619389599
4.03633752058441
4.05940218890196
4.07913831770561
4.12895194488604
4.14656237203158
4.14786423727392
4.15267655597743
4.18466910543142
4.22684126475279
4.26791087235677
4.27545719930002
4.27591954147067
4.32515967667795
4.32738168058536
4.32951863478237
4.33372373084308
4.33591267367028
4.44755694975901
4.54465254238654
4.55028818477135
4.56562956226489
4.6023641251342
4.60748305147559
4.61667838770656
4.71777320337924
4.72090779036939
4.72617953063461
4.73573920704981
4.74488182688927
4.75123679659133
4.75882579300905
4.76476707911581
4.76630994510577
4.78828353399768
4.79372378315666
4.79588905604599
4.82225972889819
4.82917933665411
4.91542243068273
4.98179862577519
5.0123686740793
5.02298669727506
5.0232070815221
5.02994152439433
5.05618135573165
5.05686438491414
5.06119859628863
5.06212775776713
5.0623469276325
5.06993686735041
5.08242946895821
5.08648583281883
5.10365807148383
5.10693110089297
5.11656178236619
5.12257348599829
5.12861722153171
5.13553954086215
5.15113027723946
5.17697808365564
5.18495016300253
5.20801057468559
5.22271206094416
5.24452851480485
5.24887009093742
5.26720149345275
5.29541525676283
5.29945053621605
5.3022158798771
5.30437424382067
5.3340351348684
5.35108783494478
5.36729094665708
5.3964333341807
5.41116531762916
5.41935698419262
5.4403258847477
5.53279922439546
5.56132662243123
5.56970427542042
5.64347436603162
5.65490194415102
5.67065048097385
5.67441663142372
5.67953025967406
5.6868351255071
5.69211072135997
5.6965288182953
5.70086201588831
5.71781591066382
5.75290936146397
5.7866672228941
5.8053237939013
5.80733515151121
5.82958034180391
5.83402155702103
5.85571919278058
5.89665156284336
5.93104113657298
5.9468314149579
5.98449185091708
6.07585620780109
6.10263917993916
6.10495025193828
6.12666188532146
6.15550074769649
6.19531109632666
6.20915841340372
6.22546962675925
6.25457918206712
6.33952158578275
6.36702472647078
6.38323776881817
6.39554583858438
6.40244272434921
6.41710421643924
6.42127885276532
6.43802548359564
6.44669598842276
6.45657261893675
6.47509828821929
6.47666391810327
6.49088909193853
6.50426316441766
6.53653135833727
6.55576922342776
6.57374970637879
6.57437668640518
6.57511179221646
6.57791001192885
6.59499374151743
6.63193207724285
6.63506599493306
6.66047554830311
6.72331190459759
6.7293473402858
6.7393494360961
6.81881965433869
6.84771261434401
6.85185970906296
6.85570489166604
6.88740172102902
6.88908641822938
6.93030141164968
6.94065710626243
6.94171364861364
6.96616815805116
6.97961598385727
6.98219404876965
7.01907997999422
7.05315260972018
7.10537997723938
7.10867946128558
7.16971083864327
7.18778138848275
7.19643254766323
7.20303379431332
7.23320574472323
7.33573421904391
7.36677459922664
7.38094137582921
7.40087128534342
7.41022897514683
7.42747422671733
7.45048229187927
7.53199577721413
7.59090419809794
7.61822763116779
7.62976408509192
7.63198704306071
7.76343038404489
7.77571991575812
7.8022217668542
7.85959401980962
7.98703977085358
8.05035104288545
8.09615562465008
8.16809448768291
8.17587586383668
8.19471180383215
8.26095489800035
8.26209440951441
8.37036554027715
8.49212656216288
8.62762791909288
8.74273757323539
8.81892549489389
8.90646649315327
8.97780321469765
9.0352828844189
9.1436215101595
9.17530163538426
9.26063109336629
9.29666977488806
9.45630234577106
9.46201047445106
9.4796370199909
9.58939572008151
9.69019667207085
9.83775748945935
10.5426961927047
10.5518272114843
10.6332372010369
10.9512692189666
