0.632695694876637
0.750346767674101
1.22996287019228
1.27348082014619
1.40532684165069
1.41489424536069
1.54039960756221
1.6712467537848
1.82208501671024
2.16383947150482
2.16440729439951
2.1803836902022
2.23636877046855
2.3713096389435
2.43762596674
2.46409213432958
2.63688191783322
2.65133462485482
2.89680542980083
3.10231496899346
3.22746089837043
3.23543772005395
3.33145374462263
3.54607151943635
3.72158835526412
3.95766403232286
4.72637188381173
4.73161869753002
4.77474671728163
4.88680324971284
4.90600574362604
4.92933625926595
5.01884223513914
5.19191458608186
5.75616009021093
5.80297452191523
5.86142398705295
7.56307693037431
8.19858603348134
10.0628294019254
