0.776668587502335
0.925625259986777
1.05163208015739
1.21692669065257
1.27902395022622
1.45805687004553
1.53330323289864
2.03216124114534
2.08026605161652
2.20879471484321
2.29787171220539
2.52111521771873
2.58914806831857
2.60562117446801
2.62019359412549
2.75582666606647
2.79709170077979
2.81960045428651
2.8529130141267
2.86587811080143
2.87298071832118
2.90949730014002
2.91635877659373
2.99491218278318
3.00481790353132
3.00699319338766
3.0165813396373
3.02663007189692
3.0703735438604
3.08124582589608
3.08733363071851
3.09693199660963
3.15159645006126
3.16281213909436
3.16926194655642
3.182410524459
3.18522835362601
3.20035780340841
3.21282984996718
3.21801848880831
3.21906294134248
3.22043896106397
3.22379148769495
3.2238073280859
3.23168214645172
3.24183427211506
3.27235378025721
3.28390761294826
3.29024584063249
3.32005250295706
3.33210257265915
3.33460244186206
3.33721897512629
3.34779172043511
3.3590634386543
3.38216744089691
3.41491601154229
3.4372123570657
3.48091419731082
3.51857413183128
3.54122753748465
3.55748203076009
3.60390534688729
3.62754305234051
3.6283941237071
3.6333335480881
3.66182386748716
3.67325390653511
3.69518397291352
3.69613188499241
3.75183744545802
3.77156231058973
3.77794663429912
3.78364855800982
3.79026357240276
3.81351796774871
3.83469673560549
3.83578437703957
3.86135029024331
3.90727134786581
3.90820015273571
3.94609730677118
3.95730998969989
3.99124573325992
4.01010255567608
4.0145984436383
4.09356804449984
4.10667686943964
4.11166442574353
4.14114770542578
4.1413868434331
4.14999631952652
4.15693083030101
4.16475614484483
4.20365858579202
4.20690984164446
4.23884876341549
4.27235505454364
4.30843346514668
4.3142456988395
4.31670673565457
4.31897228643991
4.32434867257499
4.35879909412687
4.38468155897302
4.40173629012218
4.44082376956418
4.44100165536906
4.44152661920862
4.48582089241954
4.49258067516366
4.49281565464423
4.54072372430298
4.54078096414746
4.55248988361683
4.56843539875491
4.57175258971705
4.584171797271
4.58766938828152
4.60031116233484
4.6010161771314
4.62310529472436
4.64332701633998
4.64585059280561
4.65767275301609
4.68814992383556
4.71252591273442
4.74982797876638
4.80640694733985
4.81149271649363
4.86204833007694
4.89412064309341
4.90686401471248
4.91418230498255
4.93754459491543
4.93880634844289
4.9490097539233
4.96564729188743
4.96976803695369
4.97382998851454
4.98226194306633
4.99461589670355
4.99999542007087
5.00680242074206
5.0094527331818
5.00955853719417
5.02740185804453
5.02821617157968
5.0521604052925
5.05497798711581
5.0807160496577
5.10984338287614
5.13304713564353
5.19201500880189
5.20190480993076
5.22975827014645
5.2490061731803
5.24953965724633
5.28813302789282
5.29112486667642
5.30560507981006
5.34227725225841
5.34647005920815
5.36575419587283
5.36610559237169
5.37895424976619
5.38340239289927
5.4123460069026
5.41338159547027
5.43652978983445
5.43704858007721
5.4382964042065
5.43995981158407
5.44511063919091
5.4501617858109
5.46419428495162
5.4726932904626
5.47333089049367
5.49544020525787
5.4990707507266
5.5020625798141
5.50677727529761
5.51735642782319
5.5322768415305
5.53583068623813
5.56740094637358
5.57338323488321
5.58800360769754
5.59959364607092
5.60091666172963
5.60593148782364
5.6453685428734
5.66908658059365
5.67048695878239
5.67441004188073
5.67731642847441
5.70616970625516
5.71909973548831
5.72209647149952
5.7226303241656
5.73417325488675
5.75232997039981
5.75279278464007
5.75348985012816
5.76756731232892
5.77983773729604
5.78027113878958
5.78622960459695
5.79692566702359
5.79944129241648
5.80802410141524
5.81311090965936
5.82709844193191
5.82952281433767
5.84597195335443
5.85072760575769
5.8659293099238
5.90224700066954
5.90262805055016
5.9440670598502
5.94956747403846
5.95904000378124
5.96398458305123
5.96559777498062
6.00024195127864
6.0517024427633
6.06719746524569
6.06867526804849
6.07222547465409
6.07566993739275
6.08195434757148
6.08286893721349
6.08843730790924
6.09030503603112
6.1049264590095
6.11101490878325
6.12456617058379
6.12779982839601
6.13446113793384
6.13820577728827
6.15014111924457
6.16775698494936
6.17458985394066
6.18295685227941
6.19454104818299
6.19864765883099
6.21183351322482
6.21220745742993
6.24208404450032
6.26739749789427
6.26879657700279
6.27088229825987
6.27177731456109
6.2801836912398
6.29611317430867
6.30129979104174
6.33805731696579
6.34005652639303
6.35192975346086
6.35409448234928
6.45303688514585
6.46432482349526
6.47478167572793
6.50102271116853
6.50606400109785
6.51834804810427
6.52484761495121
6.53966381704426
6.54929100939208
6.59493764531486
6.62624301342102
6.62852918309787
6.62919719769465
6.65056300862216
6.66804547426248
6.68085723790878
6.68357800058768
6.68801092078156
6.69429704422698
6.7072263265324
6.71169411825911
6.73154960130114
6.74254774603617
6.74792641201234
6.7616402536789
6.78067950132073
6.78783171936551
6.78817710843528
6.84583561233813
6.85649254242162
6.86434596068164
6.90022892624756
6.91069666604163
6.94570466897053
6.95708398229529
6.96758836280522
6.971646005221
6.97172708230196
6.98113950664543
6.98279964289994
6.98335847674106
7.00072709381199
7.00252368206319
7.01112489368231
7.02754070395024
7.04043124321254
7.04610972929131
7.05961915822011
7.08887328557816
7.09211280850842
7.0993022934216
7.12351814082026
7.2045355906769
7.2366641926237
7.23811718497683
7.25935029292323
7.27004483668985
7.28843768328674
7.30014128859697
7.30497072787569
7.32752181983353
7.37339684797019
7.37658344538815
7.39881100799486
7.42127361640444
7.44689165708786
7.46453294777833
7.46897211311234
7.47133234445276
7.48155880479292
7.50425832630609
7.5503753989371
7.56945210528797
7.57249763560458
7.57570485099842
7.57633586629366
7.59559015914912
7.6050217429665
7.60910698878947
7.63467029542335
7.64032292320167
7.65026357225051
7.69986891124638
7.73081062147096
7.75637700524765
7.78944629056556
7.81395082473423
7.91652178235281
7.92270383501787
7.92519982129241
7.92866764162029
7.95365016920793
7.96786404447087
7.96983897830981
8.00083337326913
8.10709130131866
8.15430337762563
8.31337239263044
8.34579275507614
8.39870215833825
8.41348501207447
8.43675994928623
8.56509031521589
8.60648343539785
8.65762215603164
8.67833481348259
8.74968232429175
8.77988708034204
8.85153250899628
8.86772121955062
8.94221075304746
9.02843224381643
9.09355274593596
9.10187567271947
9.11253273242713
9.15439438387274
9.19129959427206
9.34309301438055
9.3782148154315
9.46855343712871
9.58098353774277
9.83618242514508
10.2253349342821
10.3468684196565
10.5380999687897
10.6462166699231
10.9102013012014
11.1677486884206
11.7638527651374
12.3225925516298
12.4619423888136
12.6408789753832
13.2489791346279
13.5631135166707
13.6912667283583
13.8512962525093
13.8745915415214
14.0955357297634
15.2825949177869
15.5532967351394
